11	6	84,23
11	1	84,22
11	1	84,218
11	10	84,21
11	2	84,20
11	2	84,195
11	1	84,194
11	1	84,192
11	8	84,190
11	1	84,19
11	37	84,189
11	13	84,185
11	2	84,184
11	1	84,180
11	4	84,179
11	7	84,178
11	9	84,177
11	19	84,171
11	2	84,169
11	14	84,16
11	1	84,152
11	1	84,151
11	1	84,143
11	9	84,141
11	3	84,139
11	7	84,135
11	1	84,12
11	1	84,118
11	17	84,117
11	3	84,115
11	5	84,110
11	1	84,11
11	7	84,109
11	1	84,108
11	11	84,107
11	3	84,105
11	3	82,9
11	1	82,82
11	1	82,80
11	1	82,76
11	2	82,69
11	1	82,58
11	1	82,42
11	1	82,41
11	2	82,33
11	2	82,3
11	1	82,21
11	2	82,193
11	1	82,19
11	1	82,189
11	1	82,175
11	1	82,108
11	4	81,98
11	2	81,91
11	1	81,9
11	2	81,89
11	5	81,85
11	5	81,81
11	1	81,73
11	1	81,7
11	4	81,68
11	5	81,67
11	4	81,65
11	8	81,63
11	10	81,6
11	14	81,58
11	1	81,56
11	3	81,54
11	7	81,47
11	5	81,46
11	5	81,44
11	8	81,43
11	9	81,42
11	5	81,41
11	3	81,40
11	7	81,4
11	14	81,39
11	26	81,36
11	18	81,33
11	1	81,32
11	4	81,31
11	4	81,3
11	4	81,25
11	2	81,24
11	9	81,23
11	26	81,22
11	4	81,218
11	5	81,21
11	1	81,20
11	3	81,196
11	2	81,192
11	6	81,190
11	5	81,19
11	3	81,189
11	1	81,186
11	3	81,178
11	1	81,177
11	11	81,163
11	1	81,161
11	5	81,16
11	1	81,159
11	8	81,152
11	12	81,151
11	1	81,150
11	1	81,143
11	1	81,14
11	2	81,139
11	2	81,138
11	2	81,136
11	1	81,135
11	1	81,124
11	2	81,12
11	1	81,119
11	2	81,117
11	1	81,116
11	1	81,115
11	8	81,109
11	1	81,107
11	1	81,105
11	3	81,10
11	6	80,98
11	11	80,96
11	10	80,95
11	6	80,94
11	28	80,91
11	18	80,90
11	2	80,9
11	2	80,89
11	35	80,88
11	8	80,87
11	1	80,85
11	15	80,84
11	20	80,80
11	8	80,8
11	6	80,79
11	7	80,78
11	1	80,77
11	34	80,76
11	33	80,75
11	13	80,74
11	10	80,72
11	1	80,71
11	1	80,7
11	1	80,69
11	98	80,68
11	73	80,67
11	9	80,6
11	1	80,59
11	2	80,58
11	3	80,57
11	1	80,54
11	4	80,5
11	18	80,46
11	3	80,44
11	1	80,43
11	3	80,42
11	9	80,41
11	2	80,4
11	14	80,36
11	30	80,33
11	3	80,32
11	1	80,30
11	1	80,27
11	1	80,25
11	1	80,23
11	2	80,22
11	11	80,21
11	1	80,20
11	3	80,193
11	1	80,192
11	42	80,190
11	6	80,19
11	46	80,189
11	20	80,185
11	9	80,184
11	176	80,179
11	145	80,178
11	46	80,177
11	1	80,176
11	6	80,171
11	4	80,16
11	4	80,149
11	2	80,143
11	19	80,141
11	2	80,14
11	15	80,139
11	12	80,12
11	1	80,118
11	13	80,117
11	16	80,116
11	3	80,115
11	4	80,110
11	15	80,109
11	7	80,108
11	3	80,107
11	21	80,105
11	2	80,104
11	1	80,100
11	1	80,10
11	5	8,96
11	18	8,91
11	9	8,9
11	3	8,89
11	1	8,88
11	1	8,84
11	2	8,80
11	1	8,8
11	1	8,79
11	3	8,76
11	16	8,74
11	4	8,67
11	1	8,57
11	10	8,5
11	4	8,42
11	16	8,41
11	1	8,39
11	10	8,37
11	1	8,36
11	18	8,33
11	7	8,32
11	4	8,30
11	1	8,29
11	1	8,27
11	3	8,208
11	2	8,207
11	1	8,19
11	1	8,180
11	1	8,178
11	6	8,175
11	3	8,174
11	1	8,160
11	4	8,159
11	3	8,149
11	1	8,145
11	15	8,110
11	3	8,11
11	2	8,108
11	2	8,105
11	2	8,100
11	14	8,10
11	3	79,96
11	3	79,95
11	1	79,91
11	2	79,89
11	1	79,88
11	2	79,87
11	1	79,84
11	13	79,80
11	1	79,8
11	1	79,78
11	4	79,76
11	1	79,75
11	5	79,74
11	8	79,73
11	1	79,71
11	4	79,70
11	2	79,68
11	8	79,67
11	1	79,59
11	1	79,5
11	1	79,4
11	1	79,36
11	1	79,30
11	1	79,21
11	1	79,207
11	1	79,190
11	2	79,19
11	1	79,185
11	1	79,179
11	3	79,177
11	1	79,176
11	2	79,160
11	1	79,149
11	1	79,145
11	4	79,139
11	2	79,118
11	3	79,115
11	10	79,110
11	7	79,108
11	3	79,107
11	1	79,105
11	1	79,104
11	1	79,102
11	1	79,100
11	1	78,99
11	3	78,98
11	1	78,97
11	6	78,96
11	3	78,95
11	3	78,91
11	10	78,90
11	2	78,89
11	6	78,88
11	3	78,87
11	1	78,85
11	11	78,80
11	3	78,78
11	1	78,77
11	5	78,76
11	1	78,75
11	5	78,74
11	2	78,73
11	1	78,72
11	8	78,71
11	3	78,70
11	9	78,68
11	2	78,67
11	1	78,6
11	2	78,58
11	4	78,57
11	1	78,54
11	7	78,49
11	1	78,47
11	10	78,46
11	1	78,45
11	2	78,42
11	2	78,4
11	4	78,36
11	8	78,33
11	1	78,32
11	3	78,23
11	1	78,22
11	1	78,214
11	1	78,20
11	1	78,195
11	1	78,190
11	2	78,189
11	6	78,179
11	3	78,177
11	2	78,176
11	1	78,169
11	1	78,145
11	1	78,143
11	1	78,142
11	1	78,141
11	3	78,139
11	1	78,137
11	1	78,136
11	2	78,135
11	1	78,131
11	2	78,12
11	1	78,118
11	8	78,117
11	8	78,115
11	1	78,114
11	7	78,110
11	9	78,108
11	1	78,107
11	4	78,105
11	3	78,104
11	3	78,100
11	4	78,10
11	1	77,95
11	6	77,90
11	1	77,9
11	4	77,89
11	3	77,88
11	1	77,85
11	1	77,84
11	12	77,80
11	1	77,79
11	2	77,78
11	2	77,77
11	1	77,76
11	3	77,75
11	1	77,74
11	4	77,73
11	3	77,71
11	1	77,68
11	3	77,67
11	1	77,46
11	2	77,44
11	4	77,36
11	4	77,33
11	1	77,32
11	1	77,23
11	11	77,22
11	1	77,195
11	1	77,190
11	1	77,184
11	1	77,180
11	8	77,177
11	1	77,176
11	5	77,16
11	1	77,150
11	1	77,143
11	2	77,142
11	2	77,137
11	3	77,115
11	2	77,112
11	2	77,110
11	2	77,102
11	4	77,100
11	1	76,98
11	3	76,97
11	16	76,96
11	23	76,95
11	12	76,91
11	5	76,90
11	2	76,9
11	7	76,89
11	42	76,88
11	6	76,87
11	4	76,84
11	2	76,81
11	27	76,80
11	1	76,79
11	8	76,78
11	9	76,76
11	11	76,75
11	30	76,74
11	7	76,73
11	2	76,72
11	4	76,71
11	10	76,68
11	45	76,67
11	2	76,6
11	2	76,58
11	3	76,57
11	1	76,54
11	1	76,51
11	9	76,49
11	9	76,46
11	3	76,41
11	1	76,40
11	1	76,39
11	15	76,36
11	7	76,33
11	9	76,32
11	4	76,31
11	20	76,29
11	2	76,25
11	1	76,23
11	3	76,21
11	1	76,193
11	4	76,19
11	15	76,189
11	10	76,185
11	3	76,184
11	1	76,180
11	2	76,179
11	9	76,178
11	15	76,177
11	2	76,176
11	2	76,171
11	14	76,17
11	1	76,160
11	1	76,16
11	4	76,15
11	6	76,149
11	1	76,143
11	3	76,141
11	3	76,14
11	17	76,139
11	1	76,137
11	2	76,118
11	4	76,117
11	16	76,116
11	4	76,115
11	1	76,111
11	25	76,110
11	3	76,11
11	14	76,108
11	30	76,107
11	9	76,105
11	5	76,104
11	1	76,102
11	3	76,100
11	4	76,10
11	2	75,99
11	1	75,98
11	1	75,97
11	3	75,96
11	23	75,95
11	15	75,91
11	2	75,90
11	5	75,9
11	1	75,89
11	12	75,88
11	3	75,87
11	1	75,85
11	5	75,84
11	1	75,82
11	19	75,80
11	5	75,78
11	8	75,76
11	4	75,75
11	23	75,74
11	1	75,73
11	1	75,72
11	1	75,71
11	1	75,70
11	1	75,69
11	15	75,68
11	66	75,67
11	6	75,6
11	1	75,58
11	2	75,57
11	1	75,5
11	6	75,46
11	1	75,42
11	4	75,41
11	1	75,4
11	11	75,36
11	6	75,33
11	5	75,32
11	1	75,30
11	2	75,29
11	1	75,25
11	11	75,21
11	1	75,20
11	1	75,190
11	3	75,19
11	26	75,189
11	7	75,185
11	12	75,184
11	21	75,179
11	31	75,178
11	1	75,177
11	1	75,176
11	2	75,17
11	1	75,169
11	3	75,159
11	1	75,152
11	1	75,149
11	1	75,145
11	20	75,141
11	2	75,140
11	4	75,14
11	5	75,139
11	1	75,12
11	1	75,118
11	4	75,117
11	6	75,116
11	3	75,115
11	4	75,110
11	2	75,11
11	8	75,108
11	15	75,107
11	4	75,105
11	4	75,104
11	7	75,100
11	2	75,10
11	4	74,99
11	2	74,98
11	27	74,97
11	20	74,96
11	5	74,95
11	3	74,94
11	9	74,91
11	1	74,90
11	1	74,9
11	15	74,89
11	27	74,88
11	67	74,87
11	2	74,85
11	4	74,84
11	1	74,81
11	12	74,80
11	13	74,8
11	12	74,79
11	10	74,78
11	2	74,77
11	30	74,76
11	14	74,75
11	17	74,74
11	4	74,73
11	3	74,72
11	2	74,71
11	3	74,70
11	1	74,69
11	19	74,68
11	46	74,67
11	1	74,65
11	6	74,6
11	6	74,58
11	2	74,57
11	1	74,54
11	1	74,51
11	1	74,5
11	1	74,47
11	5	74,46
11	1	74,42
11	14	74,41
11	10	74,36
11	12	74,33
11	3	74,32
11	1	74,3
11	7	74,29
11	2	74,25
11	2	74,23
11	1	74,22
11	2	74,21
11	1	74,208
11	1	74,207
11	1	74,195
11	1	74,193
11	5	74,19
11	1	74,189
11	1	74,183
11	7	74,180
11	6	74,179
11	8	74,178
11	15	74,177
11	14	74,176
11	18	74,17
11	2	74,16
11	9	74,15
11	31	74,149
11	3	74,145
11	2	74,143
11	2	74,141
11	1	74,140
11	2	74,14
11	9	74,139
11	1	74,137
11	1	74,12
11	1	74,118
11	1	74,117
11	18	74,116
11	20	74,115
11	1	74,114
11	2	74,112
11	1	74,111
11	14	74,110
11	2	74,11
11	32	74,108
11	5	74,107
11	14	74,105
11	27	74,104
11	2	74,102
11	8	74,100
11	10	74,10
11	1	73,98
11	2	73,97
11	4	73,96
11	6	73,95
11	8	73,91
11	1	73,90
11	3	73,9
11	19	73,89
11	6	73,88
11	23	73,87
11	2	73,84
11	5	73,80
11	3	73,8
11	5	73,79
11	5	73,78
11	9	73,76
11	5	73,75
11	8	73,74
11	6	73,73
11	1	73,72
11	7	73,71
11	2	73,69
11	7	73,68
11	2	73,67
11	4	73,46
11	1	73,43
11	2	73,41
11	1	73,4
11	1	73,37
11	4	73,36
11	4	73,33
11	1	73,32
11	3	73,29
11	4	73,207
11	1	73,20
11	3	73,19
11	7	73,189
11	7	73,183
11	18	73,180
11	5	73,179
11	1	73,178
11	4	73,177
11	5	73,176
11	2	73,175
11	1	73,171
11	26	73,17
11	2	73,160
11	1	73,16
11	4	73,15
11	16	73,149
11	2	73,145
11	14	73,142
11	4	73,140
11	5	73,14
11	11	73,139
11	1	73,137
11	1	73,118
11	10	73,116
11	11	73,115
11	9	73,110
11	1	73,11
11	27	73,108
11	2	73,107
11	8	73,105
11	30	73,104
11	1	73,102
11	2	73,100
11	10	73,10
11	1	72,98
11	5	72,96
11	10	72,95
11	10	72,94
11	11	72,91
11	14	72,90
11	2	72,9
11	1	72,89
11	7	72,88
11	4	72,87
11	21	72,85
11	37	72,84
11	7	72,80
11	1	72,79
11	2	72,78
11	8	72,76
11	4	72,75
11	9	72,74
11	1	72,72
11	1	72,71
11	4	72,68
11	18	72,67
11	10	72,6
11	3	72,58
11	3	72,57
11	1	72,49
11	1	72,47
11	1	72,46
11	1	72,44
11	1	72,41
11	2	72,4
11	6	72,36
11	3	72,33
11	1	72,32
11	1	72,31
11	4	72,23
11	2	72,22
11	3	72,21
11	4	72,195
11	1	72,192
11	23	72,190
11	2	72,189
11	3	72,185
11	4	72,179
11	8	72,178
11	6	72,177
11	6	72,171
11	1	72,169
11	1	72,16
11	11	72,143
11	1	72,141
11	1	72,139
11	4	72,118
11	2	72,117
11	11	72,116
11	3	72,115
11	2	72,110
11	8	72,109
11	1	72,108
11	2	72,107
11	4	72,105
11	1	72,100
11	1	72,10
11	4	71,99
11	1	71,98
11	1	71,97
11	7	71,96
11	4	71,95
11	11	71,91
11	7	71,90
11	1	71,9
11	17	71,89
11	13	71,88
11	4	71,87
11	16	71,80
11	1	71,79
11	5	71,78
11	1	71,77
11	14	71,76
11	1	71,75
11	10	71,74
11	15	71,73
11	4	71,72
11	3	71,71
11	1	71,70
11	4	71,68
11	11	71,67
11	3	71,6
11	2	71,57
11	1	71,5
11	1	71,44
11	1	71,4
11	3	71,36
11	1	71,33
11	1	71,25
11	1	71,22
11	1	71,21
11	1	71,207
11	1	71,190
11	2	71,19
11	4	71,189
11	1	71,185
11	1	71,178
11	4	71,177
11	1	71,176
11	2	71,171
11	2	71,17
11	4	71,145
11	3	71,142
11	1	71,141
11	3	71,118
11	1	71,117
11	34	71,115
11	17	71,110
11	3	71,108
11	4	71,102
11	5	71,100
11	1	71,1
11	5	70,97
11	12	70,96
11	2	70,95
11	1	70,91
11	18	70,89
11	5	70,88
11	22	70,87
11	2	70,84
11	1	70,82
11	9	70,8
11	3	70,79
11	1	70,78
11	1	70,76
11	5	70,75
11	8	70,74
11	5	70,73
11	1	70,71
11	3	70,70
11	6	70,68
11	1	70,67
11	1	70,5
11	1	70,46
11	8	70,33
11	7	70,29
11	1	70,218
11	10	70,19
11	1	70,185
11	1	70,183
11	8	70,180
11	1	70,179
11	1	70,176
11	9	70,17
11	1	70,16
11	9	70,15
11	26	70,149
11	1	70,145
11	1	70,141
11	2	70,140
11	3	70,139
11	1	70,116
11	1	70,115
11	7	70,110
11	13	70,108
11	9	70,105
11	20	70,104
11	1	70,103
11	2	7,90
11	2	7,81
11	1	7,80
11	6	7,7
11	1	7,65
11	2	7,63
11	3	7,6
11	2	7,59
11	6	7,57
11	2	7,54
11	1	7,51
11	1	7,49
11	14	7,47
11	7	7,44
11	2	7,43
11	2	7,42
11	2	7,41
11	3	7,40
11	11	7,4
11	1	7,39
11	3	7,31
11	3	7,25
11	34	7,23
11	18	7,22
11	7	7,218
11	1	7,21
11	38	7,20
11	27	7,190
11	3	7,186
11	8	7,163
11	3	7,161
11	4	7,152
11	2	7,151
11	4	7,150
11	1	7,141
11	3	7,136
11	1	7,135
11	1	7,109
11	2	69,91
11	3	69,9
11	2	69,82
11	4	69,75
11	2	69,74
11	1	69,73
11	2	69,69
11	1	69,68
11	1	69,41
11	1	69,36
11	1	69,33
11	1	69,32
11	1	69,30
11	2	69,3
11	4	69,21
11	2	69,193
11	5	69,19
11	1	69,184
11	3	69,175
11	1	69,160
11	1	69,14
11	1	69,133
11	7	69,11
11	1	69,108
11	4	69,103
11	1	69,10
11	1	68,98
11	5	68,97
11	21	68,96
11	67	68,95
11	15	68,91
11	3	68,90
11	2	68,9
11	10	68,89
11	47	68,88
11	58	68,87
11	1	68,84
11	2	68,81
11	56	68,80
11	1	68,8
11	10	68,79
11	12	68,78
11	3	68,77
11	7	68,76
11	11	68,75
11	45	68,74
11	5	68,73
11	1	68,72
11	11	68,71
11	1	68,70
11	11	68,68
11	80	68,67
11	2	68,6
11	1	68,58
11	2	68,5
11	1	68,49
11	14	68,46
11	2	68,41
11	10	68,4
11	1	68,39
11	7	68,36
11	20	68,33
11	7	68,32
11	1	68,3
11	10	68,29
11	8	68,21
11	2	68,20
11	1	68,194
11	2	68,19
11	25	68,189
11	3	68,185
11	44	68,184
11	1	68,180
11	61	68,179
11	88	68,178
11	37	68,177
11	1	68,176
11	1	68,175
11	3	68,171
11	22	68,17
11	5	68,160
11	1	68,152
11	3	68,15
11	5	68,149
11	2	68,143
11	4	68,141
11	1	68,14
11	44	68,139
11	2	68,138
11	2	68,118
11	9	68,117
11	32	68,116
11	3	68,115
11	1	68,112
11	8	68,110
11	11	68,11
11	12	68,108
11	21	68,107
11	33	68,105
11	8	68,104
11	1	68,100
11	5	68,10
11	1	67,99
11	5	67,98
11	2	67,97
11	10	67,96
11	16	67,95
11	4	67,94
11	18	67,91
11	6	67,90
11	7	67,9
11	5	67,89
11	27	67,88
11	8	67,87
11	2	67,85
11	11	67,84
11	9	67,81
11	83	67,80
11	4	67,8
11	7	67,79
11	2	67,78
11	1	67,77
11	24	67,76
11	41	67,75
11	44	67,74
11	2	67,73
11	17	67,72
11	9	67,71
11	1	67,70
11	107	67,68
11	63	67,67
11	1	67,63
11	3	67,6
11	1	67,59
11	7	67,58
11	3	67,57
11	1	67,51
11	5	67,5
11	2	67,49
11	39	67,46
11	1	67,45
11	11	67,42
11	19	67,41
11	3	67,40
11	3	67,4
11	6	67,39
11	40	67,36
11	87	67,33
11	10	67,32
11	1	67,30
11	4	67,3
11	2	67,29
11	2	67,27
11	2	67,25
11	2	67,23
11	4	67,22
11	23	67,21
11	1	67,20
11	2	67,195
11	12	67,190
11	16	67,19
11	100	67,189
11	18	67,185
11	8	67,184
11	1	67,180
11	150	67,179
11	113	67,178
11	59	67,177
11	3	67,176
11	1	67,171
11	5	67,17
11	1	67,161
11	2	67,160
11	19	67,16
11	2	67,152
11	1	67,15
11	2	67,149
11	1	67,145
11	3	67,143
11	1	67,142
11	6	67,141
11	5	67,140
11	10	67,14
11	25	67,139
11	6	67,138
11	3	67,137
11	3	67,133
11	1	67,126
11	16	67,12
11	15	67,117
11	9	67,116
11	9	67,115
11	3	67,112
11	8	67,110
11	1	67,11
11	6	67,109
11	9	67,108
11	36	67,107
11	26	67,105
11	2	67,104
11	3	67,100
11	7	67,10
11	1	66,54
11	1	66,39
11	1	66,160
11	1	66,11
11	1	66,10
11	3	65,81
11	1	65,65
11	1	65,59
11	3	65,58
11	2	65,54
11	1	65,49
11	2	65,47
11	1	65,44
11	2	65,43
11	5	65,42
11	1	65,36
11	2	65,23
11	30	65,22
11	3	65,218
11	1	65,21
11	4	65,20
11	1	65,192
11	2	65,190
11	1	65,176
11	3	65,163
11	3	65,161
11	1	65,152
11	1	65,150
11	3	65,146
11	2	65,136
11	1	65,12
11	1	65,119
11	4	63,93
11	1	63,92
11	5	63,81
11	1	63,7
11	1	63,67
11	7	63,63
11	3	63,59
11	3	63,43
11	8	63,4
11	1	63,39
11	4	63,36
11	4	63,24
11	15	63,22
11	3	63,218
11	3	63,21
11	4	63,161
11	2	63,16
11	4	63,152
11	4	63,151
11	1	63,150
11	3	63,146
11	5	63,121
11	2	63,119
11	1	6,99
11	6	6,98
11	2	6,97
11	20	6,96
11	11	6,95
11	4	6,94
11	8	6,91
11	16	6,90
11	3	6,9
11	2	6,89
11	3	6,88
11	1	6,85
11	9	6,84
11	14	6,81
11	5	6,80
11	2	6,76
11	6	6,75
11	13	6,72
11	5	6,71
11	2	6,7
11	1	6,68
11	5	6,67
11	1	6,63
11	9	6,6
11	2	6,59
11	18	6,58
11	1	6,57
11	7	6,54
11	5	6,51
11	5	6,49
11	21	6,47
11	3	6,46
11	1	6,44
11	20	6,43
11	14	6,42
11	3	6,41
11	1	6,40
11	6	6,4
11	7	6,39
11	31	6,36
11	10	6,33
11	2	6,31
11	3	6,30
11	1	6,27
11	3	6,25
11	2	6,24
11	25	6,23
11	22	6,22
11	9	6,218
11	7	6,21
11	2	6,20
11	2	6,196
11	1	6,194
11	6	6,192
11	7	6,190
11	6	6,19
11	5	6,189
11	1	6,186
11	2	6,185
11	1	6,178
11	3	6,160
11	8	6,16
11	1	6,152
11	14	6,151
11	12	6,150
11	2	6,149
11	7	6,143
11	5	6,141
11	4	6,14
11	3	6,139
11	3	6,136
11	1	6,121
11	10	6,117
11	6	6,116
11	2	6,115
11	8	6,109
11	1	6,108
11	9	6,107
11	16	6,105
11	1	59,99
11	4	59,98
11	1	59,91
11	2	59,9
11	6	59,85
11	1	59,84
11	3	59,81
11	1	59,8
11	1	59,75
11	2	59,67
11	2	59,63
11	1	59,6
11	3	59,59
11	2	59,58
11	1	59,57
11	1	59,54
11	4	59,51
11	8	59,49
11	4	59,46
11	3	59,44
11	3	59,43
11	10	59,42
11	3	59,41
11	3	59,40
11	14	59,4
11	15	59,39
11	20	59,36
11	3	59,32
11	2	59,27
11	1	59,25
11	3	59,24
11	15	59,23
11	8	59,22
11	9	59,218
11	5	59,21
11	4	59,20
11	1	59,192
11	16	59,190
11	7	59,19
11	1	59,189
11	1	59,185
11	2	59,169
11	2	59,161
11	1	59,160
11	15	59,16
11	20	59,152
11	4	59,151
11	5	59,150
11	3	59,15
11	2	59,136
11	1	59,135
11	3	59,133
11	1	59,131
11	2	59,130
11	2	59,121
11	2	59,12
11	1	59,105
11	1	59,1
11	4	58,98
11	4	58,97
11	1	58,94
11	8	58,90
11	2	58,9
11	2	58,89
11	2	58,88
11	2	58,87
11	13	58,85
11	2	58,84
11	9	58,81
11	1	58,80
11	1	58,78
11	1	58,76
11	2	58,75
11	2	58,74
11	5	58,72
11	3	58,68
11	16	58,67
11	1	58,65
11	15	58,6
11	2	58,59
11	33	58,58
11	4	58,57
11	13	58,54
11	1	58,51
11	1	58,5
11	2	58,49
11	2	58,47
11	11	58,46
11	1	58,43
11	2	58,42
11	7	58,4
11	9	58,39
11	50	58,36
11	11	58,33
11	12	58,32
11	1	58,30
11	2	58,3
11	2	58,29
11	1	58,27
11	4	58,25
11	8	58,23
11	48	58,22
11	7	58,218
11	22	58,21
11	2	58,20
11	2	58,195
11	8	58,192
11	15	58,190
11	2	58,19
11	5	58,189
11	1	58,185
11	2	58,184
11	1	58,179
11	1	58,177
11	1	58,175
11	2	58,17
11	2	58,160
11	5	58,16
11	16	58,151
11	14	58,143
11	1	58,141
11	6	58,14
11	1	58,12
11	5	58,116
11	1	58,109
11	1	58,107
11	3	58,105
11	9	58,10
11	1	57,92
11	1	57,91
11	2	57,90
11	1	57,88
11	2	57,87
11	1	57,84
11	1	57,81
11	3	57,80
11	1	57,78
11	2	57,76
11	2	57,75
11	2	57,74
11	6	57,72
11	2	57,71
11	1	57,68
11	3	57,67
11	2	57,6
11	1	57,59
11	1	57,58
11	4	57,57
11	3	57,54
11	3	57,5
11	2	57,49
11	2	57,47
11	5	57,46
11	3	57,42
11	1	57,41
11	4	57,40
11	7	57,4
11	8	57,39
11	15	57,36
11	5	57,33
11	7	57,32
11	1	57,3
11	11	57,27
11	4	57,25
11	4	57,23
11	2	57,22
11	1	57,218
11	6	57,21
11	4	57,202
11	1	57,189
11	1	57,185
11	9	57,179
11	3	57,177
11	1	57,173
11	1	57,171
11	5	57,160
11	40	57,16
11	6	57,152
11	2	57,151
11	1	57,141
11	12	57,14
11	3	57,138
11	3	57,133
11	12	57,131
11	1	57,126
11	1	57,124
11	11	57,12
11	11	57,11
11	3	57,107
11	2	57,10
11	1	56,81
11	1	56,6
11	1	56,57
11	2	56,51
11	1	56,46
11	4	56,36
11	1	56,32
11	4	56,30
11	3	56,3
11	1	56,27
11	1	56,23
11	5	56,22
11	1	56,21
11	1	56,200
11	1	56,196
11	1	56,16
11	1	56,150
11	1	56,143
11	2	56,14
11	1	56,133
11	1	56,130
11	1	56,107
11	2	54,97
11	1	54,93
11	8	54,91
11	4	54,90
11	2	54,9
11	1	54,87
11	1	54,84
11	2	54,81
11	1	54,80
11	1	54,8
11	1	54,74
11	2	54,72
11	1	54,71
11	1	54,7
11	1	54,68
11	3	54,67
11	1	54,63
11	4	54,6
11	25	54,58
11	6	54,57
11	8	54,56
11	27	54,54
11	1	54,5
11	8	54,49
11	3	54,47
11	10	54,46
11	7	54,44
11	3	54,43
11	30	54,42
11	2	54,41
11	4	54,40
11	21	54,4
11	20	54,39
11	26	54,36
11	2	54,33
11	2	54,32
11	1	54,31
11	1	54,30
11	1	54,3
11	1	54,27
11	10	54,25
11	3	54,24
11	10	54,23
11	3	54,22
11	7	54,218
11	11	54,21
11	1	54,200
11	1	54,20
11	4	54,192
11	2	54,190
11	2	54,19
11	2	54,189
11	3	54,186
11	1	54,185
11	1	54,177
11	1	54,176
11	1	54,173
11	1	54,163
11	2	54,161
11	1	54,160
11	14	54,16
11	5	54,152
11	2	54,150
11	1	54,15
11	1	54,149
11	8	54,143
11	2	54,136
11	2	54,133
11	5	54,131
11	3	54,121
11	2	54,12
11	1	54,116
11	2	54,11
11	1	54,109
11	1	54,107
11	2	54,105
11	1	54,10
11	1	51,90
11	1	51,88
11	1	51,87
11	1	51,74
11	4	51,6
11	8	51,59
11	1	51,57
11	4	51,56
11	4	51,51
11	7	51,46
11	3	51,42
11	4	51,4
11	4	51,39
11	17	51,36
11	1	51,32
11	3	51,22
11	13	51,218
11	7	51,21
11	2	51,200
11	1	51,185
11	1	51,161
11	3	51,16
11	1	51,146
11	2	51,141
11	2	51,14
11	2	51,138
11	2	51,130
11	4	51,121
11	6	51,12
11	1	51,116
11	1	51,11
11	2	51,10
11	1	5,95
11	2	5,90
11	2	5,9
11	1	5,88
11	3	5,81
11	1	5,80
11	8	5,8
11	1	5,79
11	13	5,67
11	2	5,65
11	1	5,59
11	2	5,57
11	1	5,54
11	1	5,51
11	13	5,5
11	1	5,47
11	6	5,46
11	1	5,45
11	1	5,43
11	9	5,42
11	12	5,41
11	8	5,39
11	10	5,36
11	6	5,33
11	21	5,32
11	10	5,30
11	31	5,3
11	2	5,29
11	3	5,27
11	12	5,25
11	1	5,24
11	1	5,23
11	20	5,22
11	8	5,21
11	1	5,20
11	2	5,196
11	2	5,193
11	2	5,19
11	1	5,179
11	16	5,177
11	3	5,173
11	1	5,17
11	1	5,163
11	22	5,160
11	5	5,16
11	4	5,159
11	3	5,152
11	1	5,143
11	1	5,142
11	4	5,14
11	4	5,139
11	3	5,131
11	1	5,130
11	1	5,12
11	1	5,116
11	7	5,11
11	1	5,108
11	1	5,107
11	2	5,105
11	2	5,103
11	1	5,10
11	1	49,95
11	1	49,94
11	2	49,93
11	2	49,81
11	1	49,80
11	1	49,78
11	4	49,76
11	1	49,69
11	7	49,68
11	2	49,67
11	1	49,65
11	1	49,6
11	4	49,59
11	3	49,58
11	4	49,57
11	10	49,54
11	5	49,49
11	4	49,47
11	3	49,46
11	2	49,45
11	2	49,44
11	9	49,43
11	3	49,4
11	6	49,39
11	28	49,36
11	4	49,33
11	2	49,32
11	1	49,31
11	9	49,23
11	11	49,22
11	14	49,218
11	2	49,21
11	3	49,20
11	14	49,190
11	9	49,19
11	1	49,186
11	1	49,184
11	1	49,178
11	1	49,169
11	1	49,161
11	1	49,160
11	7	49,16
11	4	49,152
11	2	49,151
11	1	49,150
11	3	49,138
11	1	49,136
11	1	49,133
11	1	49,131
11	2	49,121
11	1	49,119
11	1	49,116
11	1	49,11
11	1	49,107
11	37	47,98
11	4	47,95
11	9	47,94
11	2	47,91
11	5	47,90
11	11	47,85
11	2	47,84
11	7	47,81
11	1	47,78
11	2	47,72
11	9	47,7
11	1	47,67
11	6	47,65
11	18	47,6
11	1	47,59
11	1	47,58
11	7	47,54
11	1	47,5
11	8	47,49
11	17	47,47
11	1	47,44
11	41	47,43
11	4	47,42
11	28	47,40
11	2	47,4
11	12	47,36
11	1	47,33
11	4	47,31
11	1	47,25
11	7	47,24
11	6	47,23
11	75	47,22
11	28	47,218
11	2	47,21
11	10	47,20
11	1	47,195
11	2	47,192
11	3	47,190
11	2	47,189
11	2	47,186
11	1	47,179
11	1	47,178
11	6	47,169
11	8	47,163
11	13	47,16
11	1	47,152
11	33	47,151
11	8	47,150
11	1	47,149
11	12	47,143
11	2	47,141
11	1	47,138
11	3	47,136
11	17	47,135
11	3	47,121
11	1	47,119
11	5	47,117
11	1	47,107
11	1	47,102
11	2	47,100
11	1	47,10
11	1	46,99
11	3	46,97
11	2	46,96
11	8	46,95
11	1	46,93
11	1	46,92
11	2	46,91
11	3	46,9
11	4	46,88
11	1	46,85
11	1	46,84
11	3	46,81
11	12	46,80
11	4	46,78
11	7	46,76
11	5	46,75
11	7	46,74
11	2	46,73
11	2	46,72
11	1	46,70
11	24	46,68
11	21	46,67
11	1	46,6
11	3	46,59
11	7	46,58
11	8	46,57
11	1	46,56
11	6	46,54
11	5	46,51
11	3	46,5
11	5	46,49
11	10	46,46
11	2	46,44
11	3	46,43
11	8	46,42
11	3	46,41
11	19	46,4
11	34	46,39
11	39	46,36
11	15	46,33
11	12	46,32
11	14	46,30
11	2	46,3
11	7	46,27
11	10	46,25
11	1	46,23
11	2	46,22
11	1	46,218
11	27	46,21
11	9	46,202
11	1	46,200
11	2	46,193
11	3	46,190
11	4	46,19
11	2	46,189
11	6	46,179
11	8	46,178
11	3	46,177
11	1	46,173
11	3	46,160
11	21	46,16
11	3	46,152
11	1	46,151
11	6	46,14
11	1	46,139
11	2	46,138
11	4	46,131
11	2	46,121
11	3	46,12
11	15	46,116
11	3	46,115
11	2	46,112
11	2	46,110
11	4	46,11
11	1	46,109
11	10	46,107
11	1	46,103
11	11	46,10
11	1	45,81
11	1	45,70
11	1	45,39
11	1	45,36
11	1	45,33
11	1	45,22
11	1	45,20
11	1	45,177
11	11	44,98
11	3	44,94
11	2	44,90
11	5	44,85
11	1	44,84
11	4	44,81
11	2	44,80
11	1	44,72
11	1	44,7
11	2	44,68
11	2	44,6
11	13	44,59
11	1	44,58
11	3	44,57
11	2	44,5
11	2	44,49
11	2	44,47
11	1	44,46
11	9	44,44
11	6	44,43
11	6	44,42
11	1	44,40
11	2	44,4
11	4	44,39
11	11	44,36
11	4	44,32
11	9	44,31
11	4	44,27
11	1	44,25
11	6	44,24
11	1	44,23
11	19	44,22
11	3	44,218
11	1	44,20
11	1	44,192
11	10	44,190
11	1	44,19
11	5	44,189
11	1	44,186
11	1	44,179
11	1	44,178
11	1	44,173
11	10	44,169
11	1	44,161
11	1	44,152
11	1	44,151
11	11	44,150
11	1	44,138
11	6	44,135
11	2	44,121
11	2	44,119
11	3	44,117
11	2	44,116
11	3	44,109
11	1	44,103
11	18	43,98
11	9	43,94
11	3	43,91
11	11	43,90
11	10	43,84
11	6	43,81
11	1	43,76
11	1	43,74
11	3	43,7
11	2	43,63
11	22	43,6
11	11	43,59
11	4	43,58
11	2	43,54
11	4	43,49
11	74	43,47
11	1	43,46
11	6	43,44
11	17	43,43
11	20	43,42
11	87	43,40
11	3	43,4
11	3	43,39
11	10	43,36
11	25	43,31
11	6	43,24
11	18	43,23
11	29	43,22
11	6	43,218
11	29	43,21
11	14	43,20
11	1	43,192
11	38	43,190
11	8	43,186
11	1	43,185
11	1	43,171
11	5	43,169
11	1	43,163
11	12	43,161
11	3	43,16
11	4	43,151
11	4	43,150
11	1	43,141
11	1	43,14
11	6	43,136
11	7	43,135
11	1	43,121
11	3	43,119
11	4	43,109
11	10	43,108
11	1	43,107
11	6	43,105
11	4	42,98
11	1	42,91
11	2	42,82
11	18	42,81
11	1	42,7
11	1	42,69
11	2	42,68
11	11	42,67
11	5	42,65
11	11	42,6
11	12	42,59
11	4	42,58
11	1	42,57
11	7	42,54
11	2	42,5
11	1	42,49
11	6	42,47
11	2	42,46
11	11	42,44
11	14	42,43
11	9	42,42
11	2	42,40
11	7	42,4
11	5	42,39
11	14	42,36
11	3	42,33
11	4	42,32
11	1	42,31
11	1	42,30
11	1	42,3
11	3	42,25
11	2	42,24
11	6	42,23
11	82	42,22
11	3	42,218
11	6	42,21
11	10	42,20
11	12	42,192
11	22	42,190
11	4	42,19
11	1	42,189
11	2	42,186
11	2	42,185
11	1	42,179
11	2	42,171
11	2	42,17
11	8	42,16
11	3	42,152
11	1	42,151
11	3	42,150
11	1	42,146
11	1	42,143
11	1	42,14
11	1	42,136
11	1	42,133
11	6	42,121
11	1	42,12
11	8	42,119
11	1	42,115
11	1	42,11
11	1	42,109
11	1	42,107
11	1	42,10
11	1	42,1
11	3	41,97
11	1	41,95
11	1	41,94
11	1	41,91
11	15	41,9
11	1	41,89
11	5	41,81
11	11	41,80
11	22	41,8
11	1	41,79
11	4	41,75
11	6	41,74
11	4	41,73
11	1	41,72
11	6	41,7
11	2	41,68
11	31	41,67
11	2	41,6
11	1	41,59
11	2	41,58
11	2	41,57
11	3	41,54
11	21	41,5
11	1	41,49
11	1	41,47
11	5	41,46
11	5	41,42
11	2	41,41
11	13	41,39
11	9	41,37
11	15	41,36
11	22	41,33
11	8	41,32
11	1	41,30
11	1	41,3
11	4	41,24
11	11	41,23
11	2	41,22
11	9	41,218
11	1	41,21
11	1	41,207
11	1	41,20
11	1	41,190
11	6	41,19
11	4	41,189
11	1	41,184
11	7	41,179
11	1	41,178
11	1	41,176
11	13	41,175
11	2	41,174
11	4	41,160
11	1	41,151
11	1	41,15
11	3	41,149
11	3	41,143
11	3	41,14
11	2	41,139
11	1	41,12
11	1	41,110
11	3	41,11
11	4	41,107
11	4	41,105
11	1	41,104
11	3	41,103
11	1	41,102
11	19	41,10
11	6	40,98
11	2	40,94
11	2	40,90
11	7	40,85
11	1	40,84
11	4	40,81
11	2	40,78
11	9	40,7
11	1	40,63
11	3	40,6
11	8	40,59
11	6	40,57
11	3	40,54
11	17	40,47
11	1	40,44
11	51	40,43
11	6	40,40
11	2	40,4
11	1	40,39
11	2	40,36
11	1	40,33
11	2	40,31
11	7	40,24
11	7	40,23
11	113	40,22
11	7	40,218
11	1	40,21
11	30	40,20
11	24	40,192
11	6	40,190
11	2	40,186
11	2	40,179
11	1	40,169
11	8	40,161
11	6	40,160
11	3	40,16
11	39	40,151
11	8	40,150
11	1	40,146
11	9	40,143
11	1	40,136
11	4	40,135
11	2	40,121
11	1	40,119
11	9	40,117
11	1	40,107
11	1	40,100
11	1	4,93
11	2	4,91
11	2	4,90
11	2	4,84
11	11	4,81
11	3	4,80
11	4	4,72
11	9	4,7
11	1	4,69
11	1	4,68
11	1	4,67
11	5	4,63
11	7	4,6
11	20	4,59
11	10	4,58
11	5	4,57
11	11	4,54
11	2	4,5
11	11	4,49
11	19	4,46
11	2	4,44
11	4	4,43
11	4	4,42
11	1	4,40
11	5	4,4
11	11	4,39
11	18	4,36
11	1	4,32
11	1	4,30
11	1	4,3
11	6	4,25
11	6	4,24
11	39	4,23
11	55	4,22
11	11	4,218
11	7	4,21
11	1	4,207
11	1	4,200
11	2	4,20
11	9	4,192
11	1	4,190
11	3	4,19
11	1	4,189
11	1	4,178
11	5	4,161
11	19	4,16
11	16	4,152
11	7	4,151
11	3	4,150
11	1	4,141
11	8	4,14
11	8	4,136
11	2	4,131
11	1	4,124
11	4	4,12
11	1	4,119
11	1	4,107
11	1	39,94
11	2	39,93
11	5	39,92
11	5	39,91
11	2	39,9
11	1	39,89
11	23	39,81
11	2	39,80
11	1	39,76
11	1	39,75
11	2	39,7
11	1	39,68
11	4	39,67
11	3	39,65
11	1	39,63
11	10	39,6
11	24	39,59
11	7	39,58
11	5	39,57
11	4	39,54
11	1	39,51
11	8	39,5
11	8	39,49
11	2	39,47
11	18	39,46
11	5	39,44
11	18	39,43
11	7	39,42
11	20	39,41
11	14	39,4
11	4	39,39
11	19	39,36
11	4	39,33
11	8	39,32
11	6	39,27
11	4	39,25
11	4	39,24
11	11	39,23
11	39	39,22
11	14	39,218
11	33	39,21
11	4	39,200
11	1	39,20
11	2	39,192
11	1	39,190
11	3	39,19
11	2	39,185
11	1	39,178
11	1	39,161
11	1	39,160
11	68	39,16
11	1	39,159
11	13	39,152
11	2	39,151
11	1	39,150
11	2	39,149
11	2	39,143
11	1	39,141
11	19	39,14
11	3	39,138
11	1	39,136
11	3	39,135
11	1	39,133
11	1	39,131
11	1	39,126
11	12	39,12
11	5	39,116
11	2	39,105
11	3	39,10
11	1	37,97
11	3	37,8
11	1	37,77
11	1	37,76
11	1	37,73
11	1	37,58
11	6	37,41
11	1	37,4
11	1	37,37
11	6	37,33
11	1	37,207
11	1	37,176
11	8	37,11
11	19	36,98
11	2	36,97
11	5	36,96
11	7	36,95
11	6	36,94
11	4	36,91
11	19	36,90
11	8	36,9
11	4	36,89
11	4	36,88
11	1	36,87
11	2	36,85
11	1	36,84
11	41	36,81
11	4	36,80
11	1	36,8
11	1	36,79
11	3	36,78
11	3	36,77
11	8	36,76
11	5	36,75
11	4	36,74
11	3	36,73
11	3	36,72
11	5	36,71
11	1	36,7
11	8	36,68
11	31	36,67
11	1	36,65
11	2	36,63
11	49	36,6
11	16	36,59
11	50	36,58
11	20	36,57
11	39	36,54
11	13	36,51
11	11	36,5
11	8	36,49
11	9	36,47
11	25	36,46
11	6	36,44
11	12	36,43
11	17	36,42
11	9	36,41
11	6	36,40
11	12	36,4
11	24	36,39
11	1	36,37
11	24	36,36
11	29	36,33
11	10	36,32
11	3	36,31
11	4	36,30
11	2	36,3
11	1	36,27
11	16	36,25
11	23	36,23
11	36	36,22
11	4	36,218
11	10	36,21
11	3	36,205
11	2	36,200
11	12	36,20
11	1	36,195
11	28	36,190
11	25	36,19
11	6	36,189
11	2	36,186
11	3	36,185
11	1	36,184
11	6	36,179
11	4	36,178
11	7	36,177
11	1	36,176
11	1	36,175
11	4	36,163
11	3	36,161
11	12	36,160
11	11	36,16
11	7	36,152
11	12	36,151
11	1	36,150
11	2	36,149
11	1	36,145
11	2	36,143
11	1	36,141
11	9	36,14
11	3	36,139
11	1	36,138
11	3	36,133
11	2	36,131
11	1	36,126
11	7	36,121
11	12	36,12
11	5	36,119
11	3	36,117
11	3	36,116
11	2	36,115
11	1	36,110
11	3	36,11
11	4	36,109
11	1	36,108
11	1	36,107
11	2	36,105
11	1	36,102
11	1	36,100
11	10	36,10
11	1	36,1
11	3	33,98
11	1	33,97
11	2	33,96
11	9	33,95
11	1	33,93
11	51	33,91
11	2	33,90
11	19	33,9
11	3	33,89
11	2	33,87
11	1	33,85
11	7	33,84
11	9	33,81
11	50	33,80
11	7	33,8
11	5	33,78
11	8	33,77
11	2	33,76
11	2	33,75
11	5	33,74
11	4	33,73
11	7	33,70
11	3	33,69
11	14	33,68
11	49	33,67
11	2	33,63
11	8	33,6
11	1	33,59
11	8	33,58
11	7	33,57
11	8	33,54
11	1	33,51
11	4	33,5
11	6	33,49
11	11	33,46
11	1	33,45
11	2	33,44
11	7	33,42
11	11	33,41
11	3	33,40
11	5	33,39
11	34	33,36
11	18	33,33
11	19	33,32
11	7	33,30
11	4	33,3
11	10	33,29
11	2	33,25
11	4	33,23
11	13	33,22
11	3	33,218
11	8	33,21
11	1	33,200
11	1	33,20
11	1	33,197
11	1	33,196
11	1	33,195
11	7	33,190
11	30	33,19
11	10	33,189
11	7	33,185
11	1	33,179
11	10	33,178
11	6	33,177
11	1	33,176
11	3	33,175
11	1	33,174
11	1	33,17
11	3	33,160
11	6	33,16
11	4	33,159
11	1	33,150
11	1	33,149
11	1	33,143
11	11	33,14
11	11	33,139
11	1	33,138
11	2	33,130
11	1	33,124
11	2	33,121
11	1	33,12
11	1	33,117
11	9	33,110
11	4	33,11
11	1	33,109
11	29	33,107
11	2	33,105
11	1	33,102
11	11	33,10
11	1	32,99
11	3	32,97
11	2	32,96
11	1	32,95
11	1	32,91
11	3	32,90
11	13	32,9
11	1	32,88
11	2	32,85
11	2	32,84
11	2	32,81
11	3	32,80
11	7	32,8
11	1	32,78
11	7	32,76
11	2	32,75
11	1	32,74
11	1	32,73
11	2	32,70
11	2	32,68
11	5	32,67
11	6	32,6
11	2	32,59
11	9	32,58
11	3	32,57
11	4	32,54
11	15	32,5
11	3	32,49
11	2	32,47
11	13	32,46
11	2	32,44
11	5	32,42
11	7	32,41
11	1	32,4
11	7	32,39
11	9	32,36
11	21	32,33
11	9	32,32
11	13	32,30
11	5	32,3
11	1	32,29
11	6	32,27
11	5	32,25
11	5	32,23
11	19	32,22
11	1	32,218
11	6	32,21
11	4	32,193
11	9	32,190
11	13	32,19
11	2	32,189
11	1	32,185
11	1	32,183
11	4	32,179
11	1	32,178
11	3	32,177
11	1	32,169
11	7	32,160
11	3	32,16
11	3	32,159
11	1	32,149
11	1	32,141
11	50	32,14
11	12	32,133
11	1	32,126
11	2	32,124
11	2	32,121
11	20	32,12
11	1	32,116
11	1	32,115
11	47	32,11
11	3	32,109
11	2	32,108
11	2	32,107
11	4	32,105
11	2	32,10
11	1	31,98
11	3	31,96
11	1	31,94
11	1	31,81
11	4	31,74
11	1	31,72
11	2	31,7
11	2	31,67
11	1	31,65
11	2	31,6
11	7	31,59
11	1	31,57
11	4	31,54
11	3	31,49
11	15	31,47
11	14	31,43
11	1	31,42
11	2	31,40
11	1	31,4
11	8	31,36
11	7	31,31
11	1	31,25
11	3	31,24
11	11	31,23
11	27	31,22
11	12	31,218
11	7	31,20
11	6	31,192
11	17	31,190
11	1	31,186
11	1	31,169
11	14	31,163
11	9	31,161
11	1	31,16
11	1	31,152
11	8	31,151
11	3	31,150
11	2	31,143
11	7	31,136
11	1	31,135
11	7	31,121
11	1	31,119
11	1	31,109
11	1	30,95
11	3	30,91
11	4	30,89
11	1	30,81
11	3	30,80
11	1	30,8
11	1	30,79
11	4	30,75
11	1	30,74
11	1	30,72
11	1	30,69
11	1	30,6
11	4	30,57
11	4	30,56
11	2	30,51
11	11	30,5
11	1	30,49
11	14	30,46
11	5	30,42
11	1	30,41
11	1	30,4
11	3	30,39
11	13	30,36
11	8	30,33
11	8	30,32
11	3	30,30
11	31	30,27
11	2	30,23
11	17	30,21
11	1	30,207
11	1	30,201
11	1	30,196
11	1	30,193
11	2	30,190
11	2	30,19
11	1	30,178
11	3	30,177
11	1	30,175
11	12	30,160
11	9	30,16
11	5	30,159
11	3	30,152
11	1	30,151
11	8	30,149
11	1	30,143
11	4	30,14
11	1	30,139
11	1	30,133
11	8	30,131
11	1	30,130
11	4	30,126
11	2	30,124
11	11	30,12
11	1	30,117
11	6	30,116
11	13	30,11
11	1	30,107
11	1	30,104
11	1	30,103
11	1	30,10
11	1	3,97
11	1	3,92
11	1	3,88
11	2	3,82
11	1	3,74
11	2	3,69
11	1	3,68
11	3	3,67
11	1	3,59
11	2	3,58
11	4	3,57
11	3	3,56
11	2	3,54
11	1	3,51
11	25	3,5
11	1	3,41
11	1	3,40
11	3	3,4
11	1	3,39
11	6	3,36
11	1	3,33
11	6	3,32
11	1	3,30
11	2	3,3
11	1	3,27
11	6	3,25
11	3	3,23
11	1	3,22
11	11	3,21
11	1	3,208
11	4	3,20
11	1	3,193
11	5	3,19
11	1	3,178
11	2	3,176
11	1	3,175
11	3	3,160
11	1	3,16
11	2	3,152
11	7	3,151
11	7	3,14
11	2	3,138
11	1	3,133
11	1	3,126
11	13	3,12
11	9	3,117
11	3	3,11
11	2	3,109
11	4	3,107
11	2	3,105
11	2	29,97
11	2	29,89
11	21	29,87
11	3	29,80
11	1	29,76
11	3	29,75
11	11	29,74
11	5	29,73
11	1	29,72
11	13	29,70
11	4	29,68
11	3	29,67
11	4	29,58
11	1	29,57
11	1	29,46
11	1	29,43
11	2	29,41
11	1	29,36
11	5	29,33
11	3	29,32
11	4	29,29
11	1	29,21
11	10	29,190
11	2	29,19
11	13	29,17
11	9	29,15
11	18	29,149
11	3	29,139
11	1	29,124
11	4	29,116
11	2	29,109
11	1	29,108
11	4	29,105
11	7	27,91
11	1	27,9
11	1	27,81
11	2	27,74
11	1	27,68
11	2	27,59
11	1	27,58
11	8	27,57
11	15	27,56
11	2	27,54
11	2	27,51
11	8	27,5
11	15	27,46
11	4	27,42
11	4	27,39
11	8	27,36
11	1	27,33
11	5	27,32
11	42	27,30
11	1	27,3
11	4	27,27
11	1	27,25
11	2	27,23
11	3	27,22
11	11	27,21
11	2	27,200
11	1	27,20
11	1	27,197
11	1	27,196
11	1	27,19
11	1	27,186
11	4	27,178
11	1	27,174
11	1	27,170
11	2	27,160
11	3	27,16
11	4	27,159
11	1	27,150
11	14	27,14
11	3	27,139
11	6	27,133
11	43	27,131
11	1	27,126
11	1	27,124
11	1	27,121
11	38	27,12
11	2	27,110
11	23	27,11
11	3	27,107
11	4	27,105
11	1	27,104
11	2	27,10
11	1	25,96
11	1	25,88
11	3	25,81
11	2	25,75
11	4	25,74
11	1	25,73
11	1	25,7
11	1	25,68
11	5	25,67
11	2	25,6
11	2	25,59
11	2	25,58
11	2	25,56
11	6	25,54
11	2	25,51
11	11	25,5
11	3	25,49
11	2	25,47
11	9	25,46
11	1	25,44
11	3	25,42
11	1	25,41
11	2	25,4
11	6	25,39
11	23	25,36
11	3	25,33
11	6	25,32
11	8	25,3
11	4	25,27
11	4	25,25
11	5	25,23
11	21	25,22
11	1	25,218
11	30	25,21
11	1	25,201
11	5	25,200
11	1	25,20
11	1	25,197
11	2	25,192
11	1	25,19
11	1	25,189
11	1	25,184
11	1	25,177
11	1	25,160
11	68	25,16
11	3	25,152
11	1	25,151
11	8	25,14
11	2	25,138
11	4	25,135
11	1	25,121
11	2	25,12
11	1	25,119
11	10	25,11
11	1	24,98
11	2	24,94
11	1	24,91
11	1	24,90
11	1	24,85
11	1	24,81
11	3	24,7
11	1	24,68
11	4	24,59
11	5	24,58
11	4	24,54
11	1	24,49
11	14	24,47
11	5	24,44
11	24	24,43
11	1	24,42
11	8	24,40
11	2	24,4
11	8	24,36
11	2	24,32
11	1	24,31
11	1	24,25
11	6	24,24
11	25	24,23
11	17	24,22
11	4	24,218
11	19	24,20
11	1	24,192
11	4	24,190
11	7	24,186
11	1	24,177
11	1	24,169
11	8	24,163
11	4	24,161
11	1	24,16
11	2	24,152
11	4	24,151
11	1	24,150
11	1	24,146
11	14	24,136
11	4	24,135
11	5	24,121
11	1	24,119
11	1	24,109
11	11	23,98
11	2	23,96
11	17	23,94
11	8	23,91
11	2	23,90
11	1	23,89
11	3	23,88
11	6	23,85
11	3	23,84
11	6	23,81
11	1	23,80
11	1	23,79
11	2	23,78
11	1	23,77
11	4	23,76
11	3	23,75
11	2	23,74
11	5	23,72
11	24	23,7
11	1	23,69
11	1	23,68
11	9	23,67
11	24	23,6
11	18	23,59
11	7	23,58
11	10	23,57
11	15	23,54
11	1	23,51
11	1	23,5
11	10	23,49
11	10	23,47
11	3	23,46
11	5	23,44
11	11	23,43
11	5	23,42
11	12	23,41
11	4	23,40
11	30	23,4
11	12	23,39
11	14	23,36
11	3	23,33
11	2	23,32
11	5	23,31
11	2	23,3
11	3	23,27
11	4	23,25
11	9	23,24
11	11	23,23
11	45	23,22
11	7	23,218
11	8	23,21
11	3	23,200
11	3	23,20
11	1	23,196
11	1	23,195
11	1	23,192
11	40	23,190
11	2	23,19
11	1	23,189
11	2	23,186
11	1	23,178
11	2	23,173
11	4	23,171
11	3	23,169
11	5	23,163
11	4	23,161
11	7	23,16
11	10	23,152
11	5	23,151
11	3	23,150
11	1	23,145
11	3	23,143
11	13	23,141
11	1	23,137
11	1	23,136
11	1	23,133
11	2	23,12
11	3	23,119
11	1	23,117
11	1	23,116
11	1	23,115
11	1	23,109
11	2	23,107
11	2	23,105
11	2	23,103
11	1	23,102
11	2	23,10
11	25	22,98
11	16	22,94
11	1	22,93
11	2	22,91
11	5	22,90
11	4	22,88
11	5	22,85
11	1	22,84
11	1	22,82
11	13	22,81
11	1	22,80
11	1	22,79
11	1	22,78
11	1	22,76
11	1	22,73
11	6	22,72
11	2	22,71
11	24	22,7
11	4	22,67
11	22	22,65
11	7	22,63
11	22	22,6
11	5	22,59
11	28	22,58
11	5	22,57
11	17	22,54
11	3	22,51
11	10	22,5
11	26	22,49
11	56	22,47
11	4	22,46
11	11	22,44
11	54	22,43
11	27	22,42
11	1	22,41
11	100	22,40
11	43	22,4
11	40	22,39
11	40	22,36
11	4	22,33
11	10	22,32
11	30	22,31
11	2	22,3
11	2	22,27
11	11	22,25
11	17	22,24
11	33	22,23
11	23	22,22
11	23	22,218
11	18	22,21
11	1	22,200
11	47	22,20
11	1	22,196
11	10	22,192
11	81	22,190
11	4	22,19
11	3	22,189
11	21	22,186
11	1	22,185
11	4	22,179
11	1	22,173
11	1	22,171
11	3	22,169
11	61	22,163
11	23	22,161
11	1	22,160
11	30	22,16
11	61	22,152
11	15	22,151
11	55	22,150
11	14	22,146
11	3	22,14
11	23	22,136
11	31	22,135
11	1	22,133
11	36	22,121
11	17	22,12
11	39	22,119
11	2	22,116
11	6	22,109
11	2	22,107
11	1	22,100
11	1	22,1
11	5	219,213
11	2	219,212
11	3	218,98
11	3	218,94
11	1	218,93
11	3	218,84
11	4	218,81
11	1	218,72
11	4	218,7
11	2	218,68
11	2	218,65
11	8	218,63
11	10	218,6
11	11	218,59
11	3	218,58
11	2	218,57
11	2	218,56
11	11	218,54
11	8	218,51
11	3	218,49
11	30	218,47
11	3	218,44
11	6	218,43
11	5	218,42
11	5	218,40
11	6	218,4
11	1	218,39
11	6	218,36
11	6	218,31
11	1	218,3
11	4	218,25
11	4	218,24
11	13	218,23
11	28	218,22
11	16	218,218
11	2	218,200
11	40	218,20
11	9	218,192
11	30	218,190
11	5	218,186
11	10	218,163
11	7	218,161
11	3	218,16
11	2	218,152
11	9	218,151
11	9	218,150
11	3	218,146
11	4	218,136
11	3	218,135
11	19	218,121
11	5	218,119
11	3	218,109
11	1	217,219
11	1	217,212
11	1	217,102
11	2	215,215
11	13	215,212
11	3	214,217
11	7	214,214
11	9	214,212
11	2	214,209
11	1	213,219
11	3	213,215
11	1	213,214
11	7	213,213
11	1	213,212
11	10	212,215
11	7	212,214
11	1	212,213
11	6	212,212
11	1	212,210
11	1	210,217
11	1	210,214
11	2	210,210
11	1	21,94
11	2	21,92
11	11	21,91
11	7	21,90
11	6	21,9
11	2	21,89
11	8	21,87
11	1	21,84
11	6	21,81
11	10	21,80
11	1	21,77
11	4	21,76
11	2	21,75
11	4	21,74
11	1	21,71
11	3	21,7
11	2	21,69
11	10	21,68
11	13	21,67
11	2	21,63
11	8	21,6
11	4	21,59
11	7	21,58
11	11	21,57
11	7	21,54
11	8	21,51
11	10	21,5
11	4	21,49
11	13	21,47
11	13	21,46
11	38	21,43
11	4	21,42
11	3	21,41
11	3	21,40
11	10	21,4
11	33	21,39
11	6	21,36
11	8	21,33
11	15	21,32
11	1	21,31
11	11	21,30
11	20	21,3
11	12	21,27
11	19	21,25
11	4	21,23
11	19	21,22
11	1	21,218
11	13	21,21
11	16	21,200
11	2	21,20
11	1	21,193
11	1	21,192
11	30	21,190
11	3	21,19
11	4	21,189
11	10	21,185
11	1	21,184
11	2	21,179
11	3	21,178
11	1	21,177
11	3	21,176
11	3	21,17
11	3	21,169
11	1	21,163
11	1	21,161
11	7	21,160
11	16	21,16
11	1	21,152
11	2	21,141
11	21	21,14
11	2	21,139
11	1	21,138
11	11	21,133
11	1	21,126
11	2	21,124
11	10	21,12
11	2	21,119
11	4	21,117
11	7	21,116
11	28	21,115
11	2	21,110
11	10	21,11
11	4	21,109
11	9	21,107
11	2	21,105
11	1	21,102
11	2	209,212
11	1	209,1
11	2	208,89
11	1	208,68
11	1	208,5
11	2	208,33
11	1	208,30
11	1	208,208
11	2	208,207
11	2	208,174
11	1	208,159
11	1	208,14
11	1	208,116
11	17	208,11
11	1	208,107
11	2	207,9
11	1	207,81
11	1	207,8
11	2	207,74
11	1	207,73
11	1	207,36
11	4	207,33
11	1	207,22
11	1	207,174
11	1	205,39
11	2	205,36
11	1	205,205
11	3	205,16
11	1	205,138
11	1	203,152
11	9	202,46
11	1	202,197
11	3	202,196
11	1	201,56
11	1	201,54
11	4	201,30
11	1	201,25
11	1	201,201
11	6	201,151
11	5	201,131
11	2	200,98
11	3	200,9
11	1	200,51
11	1	200,44
11	3	200,42
11	5	200,39
11	1	200,36
11	2	200,25
11	15	200,21
11	1	200,173
11	8	200,16
11	1	200,152
11	2	200,14
11	1	200,139
11	1	200,138
11	1	200,130
11	2	200,121
11	3	200,12
11	3	20,98
11	4	20,95
11	2	20,94
11	5	20,90
11	1	20,85
11	1	20,84
11	3	20,81
11	2	20,80
11	1	20,74
11	2	20,72
11	50	20,7
11	4	20,65
11	4	20,59
11	4	20,58
11	4	20,54
11	1	20,5
11	23	20,47
11	1	20,44
11	7	20,43
11	12	20,42
11	20	20,40
11	2	20,39
11	3	20,36
11	1	20,33
11	14	20,31
11	8	20,3
11	14	20,24
11	6	20,23
11	29	20,22
11	44	20,218
11	7	20,21
11	7	20,20
11	10	20,192
11	18	20,190
11	7	20,186
11	9	20,178
11	3	20,163
11	1	20,161
11	4	20,16
11	2	20,152
11	23	20,150
11	1	20,143
11	1	20,141
11	1	20,14
11	16	20,136
11	8	20,135
11	1	20,121
11	1	20,108
11	3	20,107
11	5	197,30
11	1	197,27
11	7	197,196
11	5	197,159
11	1	197,131
11	2	197,126
11	3	196,81
11	1	196,56
11	3	196,5
11	3	196,46
11	1	196,39
11	1	196,201
11	5	196,197
11	1	196,196
11	1	196,177
11	1	196,170
11	1	196,163
11	1	196,152
11	6	196,12
11	1	195,98
11	2	195,94
11	5	195,90
11	2	195,84
11	2	195,78
11	5	195,72
11	1	195,71
11	1	195,68
11	2	195,67
11	2	195,54
11	1	195,47
11	1	195,44
11	1	195,36
11	2	195,195
11	4	195,189
11	2	195,185
11	1	195,178
11	5	195,169
11	1	195,143
11	2	195,141
11	1	195,137
11	3	195,117
11	2	195,107
11	1	194,98
11	2	194,95
11	1	194,94
11	1	194,85
11	1	194,79
11	1	194,78
11	1	194,194
11	1	194,177
11	1	194,143
11	1	194,137
11	1	193,97
11	1	193,9
11	1	193,75
11	2	193,69
11	1	193,54
11	1	193,5
11	1	193,49
11	2	193,41
11	2	193,32
11	1	193,30
11	1	193,218
11	1	193,21
11	1	193,160
11	1	193,133
11	1	193,11
11	1	193,103
11	1	193,102
11	2	193,10
11	1	192,98
11	2	192,94
11	2	192,93
11	2	192,91
11	3	192,81
11	2	192,72
11	4	192,7
11	1	192,68
11	1	192,65
11	1	192,63
11	9	192,6
11	2	192,59
11	3	192,58
11	1	192,57
11	1	192,56
11	1	192,54
11	5	192,49
11	9	192,47
11	1	192,44
11	5	192,43
11	3	192,42
11	5	192,40
11	9	192,4
11	4	192,39
11	11	192,36
11	1	192,31
11	3	192,25
11	2	192,24
11	2	192,23
11	9	192,22
11	3	192,218
11	2	192,21
11	5	192,20
11	1	192,197
11	4	192,192
11	24	192,190
11	8	192,186
11	1	192,185
11	2	192,177
11	1	192,173
11	1	192,171
11	1	192,169
11	1	192,163
11	15	192,161
11	2	192,16
11	8	192,152
11	3	192,151
11	4	192,150
11	3	192,143
11	1	192,141
11	2	192,14
11	5	192,121
11	1	192,119
11	1	192,109
11	1	192,105
11	6	190,98
11	1	190,97
11	3	190,96
11	2	190,95
11	2	190,94
11	20	190,91
11	14	190,90
11	15	190,9
11	9	190,85
11	11	190,84
11	3	190,81
11	28	190,80
11	3	190,78
11	3	190,77
11	4	190,74
11	13	190,72
11	1	190,71
11	11	190,7
11	7	190,67
11	3	190,65
11	5	190,6
11	34	190,59
11	25	190,58
11	11	190,54
11	1	190,51
11	1	190,49
11	2	190,47
11	6	190,46
11	21	190,44
11	13	190,43
11	20	190,42
11	10	190,40
11	2	190,39
11	18	190,36
11	4	190,33
11	10	190,32
11	1	190,31
11	1	190,30
11	1	190,3
11	3	190,29
11	2	190,24
11	34	190,23
11	67	190,22
11	33	190,218
11	33	190,21
11	7	190,20
11	16	190,192
11	10	190,190
11	22	190,189
11	2	190,185
11	1	190,184
11	18	190,179
11	2	190,178
11	4	190,177
11	1	190,175
11	1	190,163
11	2	190,160
11	8	190,16
11	8	190,152
11	59	190,151
11	3	190,150
11	1	190,143
11	16	190,141
11	1	190,139
11	7	190,135
11	10	190,12
11	4	190,117
11	6	190,110
11	8	190,11
11	2	190,108
11	18	190,107
11	1	190,105
11	29	190,10
11	1	19,97
11	1	19,96
11	47	19,9
11	1	19,89
11	10	19,87
11	2	19,84
11	1	19,82
11	5	19,81
11	12	19,80
11	12	19,75
11	6	19,74
11	1	19,73
11	1	19,72
11	5	19,71
11	17	19,70
11	1	19,69
11	6	19,68
11	12	19,67
11	4	19,6
11	1	19,59
11	2	19,58
11	1	19,56
11	6	19,5
11	15	19,49
11	1	19,47
11	3	19,46
11	1	19,42
11	6	19,41
11	1	19,4
11	1	19,39
11	2	19,37
11	23	19,36
11	17	19,33
11	6	19,32
11	2	19,30
11	1	19,29
11	2	19,27
11	1	19,25
11	4	19,22
11	2	19,21
11	2	19,193
11	4	19,190
11	15	19,19
11	1	19,189
11	1	19,185
11	4	19,179
11	2	19,177
11	1	19,176
11	1	19,175
11	12	19,17
11	2	19,162
11	2	19,160
11	1	19,16
11	2	19,159
11	1	19,15
11	4	19,14
11	2	19,139
11	10	19,133
11	3	19,131
11	2	19,124
11	1	19,12
11	9	19,110
11	6	19,11
11	10	19,109
11	3	19,105
11	2	19,104
11	8	19,10
11	1	189,97
11	3	189,96
11	18	189,95
11	2	189,94
11	64	189,91
11	53	189,90
11	1	189,89
11	26	189,88
11	4	189,87
11	4	189,85
11	29	189,84
11	4	189,81
11	71	189,80
11	4	189,79
11	4	189,78
11	1	189,77
11	10	189,76
11	19	189,75
11	17	189,74
11	5	189,73
11	2	189,71
11	2	189,70
11	36	189,68
11	117	189,67
11	30	189,6
11	3	189,59
11	9	189,58
11	2	189,54
11	1	189,47
11	4	189,46
11	1	189,44
11	2	189,42
11	8	189,41
11	2	189,4
11	1	189,39
11	8	189,36
11	7	189,33
11	7	189,32
11	1	189,3
11	1	189,25
11	2	189,23
11	6	189,22
11	5	189,21
11	1	189,20
11	1	189,195
11	26	189,190
11	15	189,189
11	2	189,186
11	12	189,185
11	12	189,184
11	60	189,179
11	116	189,178
11	41	189,177
11	2	189,171
11	10	189,17
11	2	189,160
11	3	189,16
11	1	189,15
11	9	189,143
11	10	189,141
11	4	189,14
11	2	189,139
11	1	189,121
11	3	189,12
11	3	189,118
11	17	189,117
11	10	189,116
11	5	189,115
11	1	189,111
11	4	189,110
11	10	189,109
11	1	189,108
11	14	189,107
11	7	189,105
11	5	189,100
11	1	186,84
11	4	186,7
11	1	186,58
11	2	186,54
11	1	186,49
11	7	186,47
11	2	186,44
11	8	186,43
11	1	186,40
11	2	186,36
11	1	186,31
11	4	186,24
11	1	186,23
11	8	186,22
11	4	186,218
11	4	186,20
11	8	186,192
11	6	186,190
11	2	186,186
11	5	186,163
11	1	186,161
11	3	186,151
11	4	186,150
11	4	186,143
11	17	186,136
11	27	186,135
11	2	186,121
11	1	186,119
11	1	186,109
11	1	185,97
11	1	185,96
11	3	185,95
11	5	185,91
11	9	185,90
11	1	185,9
11	4	185,88
11	7	185,84
11	1	185,81
11	21	185,80
11	2	185,79
11	6	185,78
11	2	185,77
11	4	185,76
11	5	185,75
11	1	185,74
11	4	185,72
11	1	185,71
11	5	185,68
11	21	185,67
11	2	185,6
11	4	185,58
11	1	185,5
11	1	185,44
11	1	185,41
11	5	185,36
11	5	185,33
11	1	185,3
11	1	185,25
11	1	185,23
11	5	185,22
11	8	185,21
11	3	185,190
11	16	185,189
11	3	185,185
11	1	185,184
11	1	185,179
11	11	185,178
11	1	185,177
11	2	185,171
11	1	185,16
11	1	185,151
11	1	185,141
11	1	185,139
11	1	185,12
11	6	185,117
11	2	185,116
11	3	185,115
11	1	185,111
11	2	185,109
11	8	185,107
11	1	185,105
11	6	185,100
11	8	184,97
11	1	184,96
11	5	184,95
11	11	184,91
11	1	184,88
11	3	184,84
11	13	184,80
11	4	184,76
11	3	184,75
11	1	184,74
11	2	184,72
11	4	184,70
11	34	184,68
11	15	184,67
11	2	184,6
11	2	184,5
11	1	184,49
11	2	184,42
11	1	184,41
11	17	184,36
11	2	184,33
11	2	184,32
11	1	184,218
11	1	184,190
11	32	184,189
11	1	184,185
11	2	184,184
11	13	184,179
11	8	184,178
11	13	184,177
11	10	184,16
11	1	184,14
11	1	184,139
11	3	184,117
11	4	184,116
11	1	184,115
11	1	184,109
11	16	184,107
11	5	184,105
11	3	183,89
11	5	183,74
11	2	183,73
11	1	183,72
11	3	183,70
11	1	183,36
11	11	183,183
11	10	183,145
11	3	183,140
11	5	183,118
11	2	183,108
11	1	183,105
11	5	183,102
11	13	183,100
11	1	180,96
11	5	180,89
11	1	180,87
11	1	180,80
11	1	180,76
11	8	180,74
11	9	180,73
11	8	180,70
11	2	180,67
11	2	180,54
11	1	180,46
11	1	180,183
11	2	180,180
11	7	180,176
11	3	180,17
11	2	180,137
11	1	180,116
11	10	180,115
11	5	180,108
11	5	180,105
11	1	180,104
11	1	180,1
11	2	179,98
11	1	179,97
11	1	179,95
11	9	179,91
11	3	179,90
11	4	179,9
11	1	179,88
11	2	179,87
11	2	179,84
11	254	179,80
11	2	179,8
11	1	179,79
11	4	179,78
11	3	179,76
11	11	179,75
11	5	179,74
11	1	179,73
11	2	179,72
11	2	179,71
11	1	179,70
11	52	179,68
11	120	179,67
11	2	179,6
11	2	179,57
11	1	179,54
11	1	179,51
11	6	179,5
11	1	179,49
11	8	179,46
11	1	179,44
11	14	179,41
11	1	179,4
11	4	179,36
11	1	179,33
11	2	179,32
11	1	179,30
11	1	179,29
11	1	179,25
11	1	179,21
11	21	179,190
11	1	179,19
11	110	179,189
11	3	179,185
11	6	179,184
11	10	179,179
11	33	179,178
11	47	179,177
11	1	179,17
11	1	179,16
11	3	179,141
11	6	179,14
11	3	179,139
11	1	179,12
11	1	179,118
11	2	179,116
11	81	179,107
11	39	179,105
11	2	179,10
11	1	178,98
11	1	178,97
11	2	178,96
11	5	178,95
11	17	178,91
11	1	178,90
11	10	178,9
11	2	178,88
11	4	178,87
11	1	178,85
11	7	178,84
11	3	178,81
11	174	178,80
11	1	178,8
11	3	178,79
11	1	178,78
11	14	178,76
11	28	178,75
11	6	178,74
11	3	178,73
11	5	178,72
11	3	178,69
11	83	178,68
11	153	178,67
11	3	178,6
11	2	178,57
11	2	178,5
11	6	178,47
11	2	178,46
11	2	178,42
11	3	178,41
11	13	178,36
11	9	178,33
11	1	178,27
11	1	178,23
11	6	178,21
11	5	178,20
11	1	178,195
11	2	178,190
11	3	178,19
11	123	178,189
11	5	178,185
11	8	178,184
11	60	178,179
11	21	178,178
11	36	178,177
11	2	178,175
11	1	178,171
11	4	178,17
11	14	178,16
11	1	178,143
11	3	178,141
11	1	178,14
11	17	178,139
11	1	178,137
11	2	178,12
11	4	178,117
11	1	178,116
11	1	178,110
11	1	178,109
11	6	178,108
11	76	178,107
11	10	178,105
11	2	178,10
11	1	177,98
11	2	177,97
11	6	177,96
11	11	177,95
11	9	177,91
11	1	177,90
11	4	177,9
11	1	177,89
11	20	177,88
11	12	177,87
11	13	177,85
11	5	177,84
11	1	177,82
11	35	177,80
11	4	177,79
11	1	177,78
11	2	177,77
11	10	177,76
11	2	177,75
11	15	177,74
11	2	177,72
11	1	177,71
11	2	177,69
11	47	177,68
11	41	177,67
11	2	177,6
11	3	177,58
11	5	177,57
11	14	177,5
11	1	177,49
11	1	177,46
11	1	177,41
11	15	177,36
11	4	177,33
11	5	177,32
11	2	177,23
11	6	177,21
11	1	177,20
11	5	177,190
11	14	177,19
11	34	177,189
11	2	177,185
11	19	177,184
11	51	177,179
11	48	177,178
11	5	177,177
11	1	177,176
11	1	177,171
11	4	177,16
11	1	177,149
11	11	177,141
11	1	177,14
11	16	177,139
11	10	177,12
11	1	177,118
11	3	177,117
11	9	177,116
11	2	177,115
11	2	177,11
11	4	177,109
11	4	177,108
11	30	177,107
11	10	177,105
11	15	177,104
11	1	177,100
11	2	177,10
11	1	177,1
11	4	176,96
11	1	176,95
11	3	176,91
11	6	176,89
11	4	176,88
11	1	176,87
11	3	176,80
11	1	176,79
11	3	176,78
11	10	176,74
11	16	176,73
11	2	176,71
11	1	176,69
11	1	176,68
11	2	176,67
11	1	176,6
11	1	176,46
11	1	176,37
11	2	176,36
11	1	176,33
11	1	176,3
11	1	176,19
11	1	176,183
11	8	176,180
11	5	176,177
11	6	176,176
11	2	176,17
11	1	176,15
11	1	176,140
11	1	176,14
11	1	176,139
11	5	176,118
11	2	176,117
11	1	176,116
11	2	176,115
11	12	176,110
11	1	176,11
11	6	176,108
11	1	176,107
11	2	176,105
11	1	176,104
11	4	176,102
11	6	176,100
11	4	175,91
11	5	175,9
11	1	175,80
11	8	175,8
11	2	175,75
11	1	175,74
11	3	175,69
11	3	175,68
11	1	175,58
11	2	175,46
11	1	175,44
11	3	175,42
11	6	175,41
11	5	175,33
11	1	175,32
11	1	175,30
11	2	175,22
11	2	175,21
11	1	175,19
11	4	175,175
11	3	175,174
11	1	175,15
11	2	175,149
11	10	175,14
11	1	175,131
11	3	175,11
11	1	175,103
11	1	175,100
11	7	175,10
11	1	174,41
11	1	174,208
11	1	174,207
11	3	174,175
11	1	174,174
11	5	174,17
11	20	174,14
11	2	174,10
11	1	173,93
11	4	173,92
11	2	173,59
11	1	173,54
11	1	173,5
11	1	173,32
11	3	173,173
11	1	173,152
11	5	173,138
11	5	171,98
11	7	171,95
11	3	171,94
11	1	171,91
11	7	171,90
11	20	171,85
11	19	171,84
11	9	171,80
11	1	171,78
11	9	171,72
11	5	171,71
11	1	171,67
11	1	171,58
11	1	171,46
11	2	171,40
11	2	171,36
11	3	171,23
11	1	171,22
11	2	171,190
11	5	171,189
11	1	171,178
11	1	171,171
11	13	171,169
11	1	171,151
11	4	171,141
11	1	171,117
11	1	170,51
11	2	170,27
11	1	170,124
11	5	17,97
11	1	17,96
11	1	17,95
11	1	17,91
11	1	17,90
11	1	17,9
11	8	17,89
11	1	17,88
11	33	17,87
11	1	17,81
11	3	17,80
11	1	17,8
11	2	17,78
11	13	17,76
11	2	17,75
11	28	17,74
11	27	17,73
11	15	17,70
11	18	17,68
11	2	17,67
11	1	17,36
11	1	17,33
11	15	17,29
11	3	17,21
11	8	17,19
11	1	17,189
11	2	17,180
11	2	17,178
11	1	17,177
11	4	17,174
11	6	17,17
11	1	17,16
11	8	17,15
11	17	17,149
11	2	17,14
11	8	17,139
11	8	17,110
11	8	17,108
11	11	17,107
11	7	17,105
11	1	17,104
11	2	169,98
11	1	169,97
11	2	169,95
11	9	169,94
11	16	169,85
11	2	169,84
11	2	169,81
11	2	169,72
11	1	169,67
11	2	169,58
11	7	169,47
11	15	169,44
11	3	169,43
11	1	169,42
11	2	169,40
11	2	169,31
11	1	169,24
11	3	169,23
11	1	169,22
11	1	169,218
11	8	169,21
11	4	169,195
11	10	169,171
11	1	169,169
11	2	169,16
11	12	169,151
11	1	169,121
11	7	169,11
11	2	169,107
11	1	163,91
11	1	163,81
11	1	163,65
11	1	163,59
11	2	163,54
11	2	163,47
11	1	163,46
11	3	163,40
11	2	163,4
11	2	163,39
11	2	163,36
11	11	163,31
11	3	163,24
11	56	163,22
11	3	163,218
11	7	163,21
11	8	163,20
11	1	163,192
11	3	163,186
11	9	163,163
11	6	163,161
11	6	163,16
11	1	163,152
11	2	163,150
11	4	163,146
11	3	163,136
11	1	163,130
11	8	163,121
11	4	163,12
11	1	163,119
11	1	162,51
11	1	161,98
11	1	161,88
11	7	161,81
11	2	161,7
11	1	161,67
11	2	161,65
11	1	161,63
11	1	161,6
11	1	161,59
11	3	161,54
11	2	161,49
11	2	161,47
11	1	161,46
11	18	161,43
11	1	161,42
11	9	161,40
11	2	161,4
11	1	161,36
11	16	161,31
11	1	161,30
11	2	161,24
11	14	161,23
11	14	161,22
11	21	161,218
11	1	161,200
11	3	161,20
11	7	161,192
11	1	161,190
11	3	161,186
11	1	161,177
11	7	161,163
11	14	161,16
11	1	161,151
11	6	161,150
11	3	161,146
11	2	161,138
11	1	161,136
11	7	161,135
11	9	161,130
11	3	161,121
11	4	161,119
11	2	160,9
11	1	160,88
11	1	160,81
11	1	160,80
11	1	160,79
11	2	160,74
11	3	160,73
11	2	160,68
11	2	160,67
11	3	160,54
11	18	160,5
11	2	160,49
11	8	160,46
11	1	160,45
11	1	160,42
11	2	160,41
11	1	160,40
11	1	160,39
11	12	160,36
11	4	160,33
11	13	160,32
11	15	160,30
11	2	160,3
11	1	160,23
11	2	160,22
11	14	160,21
11	1	160,193
11	1	160,192
11	5	160,190
11	3	160,19
11	1	160,185
11	1	160,179
11	3	160,178
11	1	160,161
11	12	160,160
11	3	160,16
11	2	160,152
11	1	160,150
11	5	160,14
11	1	160,139
11	1	160,126
11	2	160,124
11	3	160,12
11	2	160,117
11	1	160,110
11	2	160,11
11	1	160,109
11	1	160,105
11	2	160,103
11	1	16,98
11	1	16,97
11	1	16,95
11	1	16,94
11	1	16,93
11	13	16,91
11	13	16,90
11	1	16,9
11	2	16,87
11	18	16,84
11	10	16,81
11	30	16,80
11	1	16,77
11	1	16,74
11	1	16,73
11	1	16,72
11	2	16,68
11	8	16,67
11	10	16,63
11	20	16,6
11	14	16,59
11	12	16,58
11	10	16,57
11	1	16,56
11	13	16,54
11	1	16,5
11	12	16,49
11	4	16,47
11	18	16,46
11	2	16,44
11	6	16,43
11	11	16,42
11	2	16,41
11	1	16,40
11	13	16,4
11	82	16,39
11	9	16,36
11	4	16,33
11	2	16,32
11	3	16,31
11	2	16,30
11	2	16,3
11	6	16,27
11	30	16,25
11	5	16,24
11	13	16,23
11	36	16,22
11	4	16,218
11	26	16,21
11	12	16,200
11	3	16,20
11	11	16,192
11	6	16,190
11	3	16,189
11	9	16,184
11	1	16,180
11	2	16,179
11	7	16,178
11	1	16,177
11	1	16,17
11	5	16,163
11	13	16,161
11	1	16,160
11	24	16,16
11	1	16,159
11	11	16,152
11	4	16,151
11	3	16,150
11	2	16,143
11	2	16,141
11	1	16,14
11	9	16,136
11	10	16,133
11	5	16,131
11	3	16,124
11	2	16,121
11	3	16,12
11	12	16,119
11	5	16,117
11	1	16,116
11	1	16,115
11	2	16,11
11	1	16,109
11	5	16,107
11	2	16,105
11	1	159,97
11	1	159,89
11	3	159,8
11	1	159,76
11	1	159,69
11	1	159,68
11	1	159,57
11	14	159,5
11	1	159,49
11	1	159,42
11	7	159,39
11	1	159,33
11	8	159,32
11	7	159,30
11	2	159,27
11	5	159,22
11	5	159,197
11	14	159,19
11	6	159,160
11	2	159,16
11	2	159,14
11	1	159,131
11	1	159,124
11	1	159,12
11	1	159,115
11	10	159,11
11	1	159,103
11	8	152,81
11	2	152,7
11	2	152,68
11	3	152,63
11	19	152,59
11	4	152,58
11	7	152,57
11	19	152,54
11	2	152,51
11	1	152,47
11	2	152,46
11	3	152,44
11	4	152,42
11	1	152,40
11	10	152,4
11	27	152,39
11	8	152,36
11	5	152,25
11	10	152,23
11	50	152,22
11	3	152,218
11	2	152,21
11	1	152,200
11	2	152,20
11	2	152,192
11	8	152,190
11	2	152,189
11	1	152,186
11	2	152,173
11	1	152,163
11	6	152,161
11	4	152,16
11	1	152,152
11	1	152,151
11	2	152,150
11	1	152,138
11	1	152,131
11	4	152,121
11	5	152,12
11	2	152,119
11	1	152,103
11	11	151,94
11	1	151,9
11	11	151,81
11	1	151,80
11	2	151,76
11	2	151,75
11	7	151,7
11	2	151,68
11	1	151,65
11	1	151,6
11	12	151,59
11	1	151,58
11	6	151,54
11	3	151,49
11	11	151,47
11	5	151,44
11	1	151,43
11	24	151,40
11	5	151,4
11	2	151,39
11	6	151,36
11	1	151,33
11	15	151,31
11	1	151,25
11	7	151,24
11	17	151,23
11	36	151,22
11	12	151,218
11	1	151,201
11	1	151,20
11	4	151,192
11	45	151,190
11	1	151,189
11	3	151,186
11	2	151,185
11	6	151,169
11	3	151,163
11	16	151,161
11	3	151,16
11	7	151,152
11	9	151,151
11	1	151,150
11	4	151,136
11	16	151,121
11	4	151,109
11	1	151,108
11	1	151,105
11	1	151,10
11	1	150,98
11	1	150,94
11	1	150,93
11	4	150,7
11	2	150,63
11	3	150,6
11	4	150,59
11	1	150,49
11	15	150,47
11	4	150,46
11	3	150,44
11	10	150,43
11	1	150,42
11	4	150,40
11	6	150,36
11	3	150,31
11	2	150,24
11	5	150,23
11	34	150,22
11	12	150,218
11	1	150,21
11	15	150,20
11	4	150,192
11	10	150,190
11	4	150,186
11	1	150,173
11	1	150,169
11	1	150,163
11	6	150,161
11	1	150,160
11	5	150,16
11	3	150,152
11	13	150,150
11	3	150,121
11	1	150,12
11	6	150,119
11	1	150,11
11	1	150,109
11	2	15,97
11	1	15,96
11	1	15,91
11	1	15,90
11	1	15,9
11	1	15,89
11	1	15,88
11	1	15,8
11	1	15,75
11	21	15,74
11	4	15,73
11	5	15,70
11	1	15,69
11	2	15,6
11	1	15,59
11	1	15,32
11	9	15,29
11	1	15,208
11	1	15,207
11	2	15,180
11	1	15,179
11	4	15,176
11	9	15,17
11	2	15,15
11	8	15,149
11	1	15,14
11	2	15,110
11	8	15,11
11	1	15,104
11	1	15,103
11	1	149,97
11	4	149,96
11	2	149,95
11	2	149,94
11	1	149,91
11	1	149,9
11	1	149,88
11	2	149,87
11	1	149,80
11	2	149,8
11	8	149,76
11	1	149,75
11	42	149,74
11	11	149,73
11	20	149,70
11	5	149,68
11	4	149,67
11	2	149,6
11	2	149,58
11	3	149,41
11	3	149,39
11	1	149,36
11	3	149,30
11	21	149,29
11	2	149,19
11	4	149,176
11	1	149,175
11	21	149,17
11	10	149,15
11	3	149,149
11	1	149,140
11	4	149,139
11	3	149,137
11	2	149,118
11	3	149,116
11	13	149,115
11	1	149,110
11	16	149,108
11	4	149,105
11	2	149,104
11	1	149,103
11	1	149,100
11	2	149,10
11	1	149,1
11	7	146,63
11	1	146,54
11	5	146,43
11	2	146,40
11	3	146,4
11	15	146,22
11	1	146,20
11	2	146,186
11	1	146,161
11	1	146,152
11	2	146,151
11	6	146,146
11	3	146,121
11	3	146,119
11	2	145,96
11	5	145,91
11	1	145,90
11	1	145,89
11	3	145,78
11	5	145,74
11	5	145,73
11	1	145,71
11	1	145,70
11	1	145,42
11	1	145,36
11	11	145,183
11	1	145,176
11	9	145,142
11	2	145,140
11	4	145,118
11	6	145,116
11	31	145,115
11	1	145,110
11	2	145,104
11	2	145,102
11	9	145,100
11	9	143,98
11	3	143,95
11	2	143,94
11	2	143,91
11	28	143,90
11	2	143,88
11	25	143,85
11	4	143,84
11	1	143,81
11	3	143,80
11	2	143,78
11	8	143,74
11	1	143,73
11	3	143,72
11	1	143,70
11	1	143,7
11	8	143,68
11	2	143,67
11	6	143,6
11	1	143,59
11	13	143,58
11	2	143,54
11	4	143,47
11	2	143,42
11	3	143,41
11	6	143,40
11	1	143,39
11	7	143,36
11	1	143,33
11	1	143,31
11	2	143,3
11	6	143,22
11	1	143,21
11	1	143,20
11	2	143,195
11	9	143,192
11	4	143,190
11	10	143,189
11	2	143,185
11	1	143,169
11	2	143,16
11	12	143,151
11	7	143,143
11	1	143,14
11	1	143,137
11	1	143,117
11	2	143,110
11	1	143,100
11	2	142,95
11	5	142,91
11	8	142,89
11	1	142,87
11	2	142,71
11	1	142,58
11	1	142,44
11	1	142,185
11	1	142,149
11	4	142,145
11	6	142,142
11	35	142,118
11	1	142,115
11	1	142,110
11	3	142,108
11	1	142,104
11	12	142,100
11	6	141,98
11	2	141,96
11	2	141,94
11	10	141,91
11	8	141,90
11	1	141,9
11	5	141,88
11	10	141,87
11	29	141,84
11	1	141,81
11	20	141,80
11	3	141,78
11	4	141,76
11	2	141,75
11	1	141,74
11	1	141,72
11	1	141,69
11	2	141,68
11	7	141,67
11	7	141,6
11	1	141,59
11	7	141,58
11	2	141,54
11	1	141,47
11	2	141,44
11	5	141,43
11	1	141,40
11	3	141,39
11	10	141,36
11	13	141,23
11	3	141,20
11	1	141,195
11	7	141,190
11	7	141,189
11	1	141,180
11	8	141,179
11	5	141,178
11	12	141,177
11	4	141,171
11	2	141,152
11	1	141,151
11	2	141,143
11	5	141,141
11	2	141,139
11	7	141,117
11	1	141,116
11	1	141,115
11	1	141,110
11	11	141,109
11	11	141,107
11	6	141,105
11	2	140,96
11	1	140,88
11	2	140,80
11	3	140,74
11	3	140,73
11	1	140,71
11	1	140,70
11	7	140,67
11	2	140,180
11	1	140,176
11	3	140,140
11	2	140,118
11	3	140,116
11	6	140,115
11	4	140,108
11	10	140,104
11	11	140,100
11	2	14,97
11	3	14,91
11	2	14,9
11	5	14,87
11	1	14,81
11	4	14,80
11	3	14,8
11	1	14,76
11	2	14,74
11	4	14,70
11	2	14,69
11	1	14,68
11	5	14,67
11	3	14,6
11	1	14,59
11	2	14,58
11	6	14,57
11	8	14,5
11	12	14,46
11	4	14,42
11	9	14,41
11	12	14,4
11	8	14,39
11	1	14,37
11	13	14,36
11	9	14,33
11	35	14,32
11	4	14,30
11	13	14,3
11	4	14,27
11	12	14,25
11	10	14,22
11	12	14,21
11	4	14,190
11	9	14,189
11	1	14,184
11	4	14,179
11	1	14,178
11	2	14,177
11	5	14,176
11	9	14,175
11	12	14,174
11	1	14,17
11	3	14,160
11	1	14,16
11	1	14,159
11	1	14,152
11	1	14,141
11	4	14,14
11	1	14,139
11	1	14,133
11	3	14,131
11	3	14,126
11	1	14,121
11	11	14,12
11	5	14,116
11	2	14,115
11	2	14,110
11	4	14,11
11	10	14,107
11	3	14,105
11	1	14,104
11	3	14,103
11	3	14,10
11	21	139,97
11	5	139,96
11	3	139,95
11	3	139,91
11	1	139,90
11	2	139,9
11	1	139,89
11	2	139,88
11	4	139,85
11	4	139,84
11	1	139,81
11	26	139,80
11	1	139,79
11	3	139,78
11	28	139,76
11	14	139,75
11	14	139,74
11	3	139,73
11	3	139,71
11	1	139,70
11	44	139,68
11	40	139,67
11	3	139,6
11	2	139,58
11	1	139,51
11	3	139,5
11	1	139,46
11	1	139,44
11	1	139,42
11	6	139,33
11	9	139,29
11	1	139,27
11	6	139,21
11	1	139,192
11	3	139,19
11	6	139,189
11	1	139,185
11	1	139,184
11	2	139,179
11	9	139,178
11	5	139,177
11	4	139,17
11	1	139,160
11	1	139,149
11	4	139,141
11	1	139,14
11	4	139,139
11	1	139,12
11	1	139,117
11	4	139,116
11	1	139,110
11	1	139,11
11	13	139,108
11	5	139,107
11	18	139,105
11	3	139,100
11	3	139,10
11	1	138,95
11	4	138,67
11	1	138,6
11	1	138,51
11	2	138,5
11	3	138,46
11	1	138,4
11	5	138,39
11	1	138,36
11	1	138,32
11	2	138,21
11	1	138,200
11	6	138,173
11	1	138,161
11	2	138,152
11	2	138,138
11	1	138,107
11	1	138,103
11	2	137,95
11	12	137,91
11	1	137,90
11	1	137,89
11	1	137,88
11	1	137,77
11	3	137,76
11	2	137,74
11	1	137,73
11	2	137,44
11	1	137,194
11	1	137,189
11	1	137,176
11	7	137,149
11	1	137,143
11	1	137,118
11	3	137,115
11	1	137,112
11	2	137,108
11	14	137,100
11	1	136,78
11	3	136,7
11	1	136,65
11	3	136,6
11	6	136,59
11	1	136,57
11	2	136,54
11	1	136,49
11	3	136,47
11	2	136,44
11	6	136,43
11	11	136,4
11	5	136,39
11	5	136,36
11	3	136,31
11	20	136,24
11	2	136,23
11	31	136,22
11	5	136,218
11	1	136,21
11	16	136,20
11	3	136,192
11	7	136,190
11	9	136,186
11	5	136,163
11	3	136,161
11	3	136,16
11	1	136,152
11	1	136,151
11	6	136,136
11	3	136,135
11	2	136,121
11	4	136,12
11	12	136,119
11	8	135,98
11	6	135,84
11	1	135,78
11	1	135,77
11	1	135,7
11	2	135,65
11	1	135,63
11	1	135,59
11	1	135,54
11	13	135,47
11	1	135,46
11	1	135,44
11	12	135,43
11	1	135,42
11	1	135,4
11	1	135,32
11	3	135,30
11	3	135,25
11	11	135,24
11	3	135,23
11	22	135,22
11	1	135,218
11	8	135,20
11	2	135,192
11	8	135,190
11	24	135,186
11	2	135,151
11	17	135,136
11	8	135,135
11	1	133,97
11	7	133,9
11	1	133,80
11	3	133,75
11	1	133,74
11	2	133,69
11	1	133,67
11	1	133,6
11	1	133,59
11	2	133,57
11	1	133,54
11	1	133,5
11	2	133,49
11	2	133,45
11	2	133,4
11	8	133,36
11	8	133,33
11	16	133,32
11	2	133,30
11	14	133,27
11	1	133,25
11	1	133,23
11	4	133,22
11	1	133,20
11	1	133,190
11	1	133,19
11	1	133,160
11	4	133,16
11	1	133,14
11	1	133,133
11	10	133,131
11	1	133,126
11	14	133,124
11	2	133,12
11	2	133,11
11	1	133,107
11	3	131,81
11	1	131,8
11	1	131,67
11	12	131,57
11	8	131,54
11	2	131,46
11	2	131,41
11	3	131,4
11	2	131,36
11	1	131,32
11	16	131,30
11	64	131,27
11	2	131,25
11	4	131,23
11	1	131,22
11	3	131,21
11	4	131,201
11	1	131,193
11	3	131,19
11	1	131,160
11	5	131,16
11	2	131,152
11	6	131,14
11	1	131,138
11	11	131,133
11	6	131,131
11	1	131,124
11	10	131,12
11	1	131,11
11	1	131,103
11	1	131,10
11	1	130,59
11	6	130,51
11	1	130,5
11	12	130,33
11	3	130,161
11	1	130,151
11	1	130,14
11	1	129,68
11	2	129,59
11	1	129,151
11	1	126,67
11	1	126,59
11	1	126,41
11	1	126,36
11	7	126,32
11	8	126,30
11	5	126,3
11	2	126,27
11	1	126,23
11	2	126,197
11	1	126,160
11	1	126,133
11	3	126,131
11	2	126,126
11	4	126,11
11	2	124,81
11	1	124,54
11	2	124,33
11	8	124,32
11	7	124,30
11	2	124,3
11	1	124,27
11	1	124,21
11	1	124,196
11	3	124,19
11	1	124,16
11	1	124,159
11	1	124,14
11	15	124,133
11	3	124,131
11	6	124,124
11	1	124,12
11	1	124,11
11	2	121,81
11	6	121,65
11	10	121,63
11	1	121,6
11	1	121,59
11	1	121,57
11	6	121,51
11	3	121,47
11	4	121,43
11	8	121,42
11	1	121,40
11	10	121,4
11	2	121,39
11	4	121,36
11	1	121,33
11	1	121,32
11	11	121,31
11	5	121,25
11	19	121,24
11	3	121,23
11	30	121,22
11	21	121,218
11	5	121,21
11	2	121,200
11	1	121,20
11	6	121,192
11	12	121,163
11	11	121,161
11	1	121,16
11	2	121,152
11	12	121,151
11	15	121,150
11	4	121,146
11	1	121,138
11	2	121,136
11	1	121,130
11	4	121,121
11	12	121,119
11	2	12,95
11	5	12,91
11	1	12,88
11	3	12,84
11	1	12,81
11	7	12,80
11	1	12,72
11	1	12,68
11	4	12,67
11	2	12,6
11	2	12,58
11	3	12,57
11	3	12,56
11	1	12,54
11	7	12,51
11	4	12,5
11	1	12,49
11	9	12,46
11	1	12,44
11	1	12,42
11	5	12,4
11	18	12,39
11	6	12,36
11	1	12,33
11	25	12,32
11	2	12,30
11	13	12,3
11	25	12,27
11	13	12,25
11	1	12,23
11	14	12,22
11	1	12,218
11	7	12,21
11	3	12,200
11	6	12,196
11	7	12,190
11	6	12,19
11	1	12,184
11	8	12,178
11	10	12,177
11	1	12,171
11	1	12,160
11	7	12,16
11	1	12,159
11	2	12,152
11	8	12,14
11	5	12,133
11	14	12,131
11	4	12,12
11	2	12,117
11	1	12,110
11	5	12,11
11	1	12,108
11	7	12,107
11	1	12,10
11	2	119,98
11	1	119,81
11	1	119,7
11	2	119,65
11	2	119,63
11	1	119,54
11	2	119,47
11	1	119,42
11	2	119,39
11	6	119,36
11	1	119,33
11	1	119,32
11	2	119,31
11	1	119,25
11	2	119,24
11	2	119,23
11	14	119,22
11	2	119,218
11	1	119,192
11	3	119,190
11	5	119,186
11	1	119,173
11	6	119,161
11	13	119,16
11	8	119,150
11	4	119,146
11	8	119,136
11	14	119,121
11	1	119,119
11	4	118,96
11	1	118,95
11	5	118,91
11	8	118,89
11	1	118,88
11	2	118,80
11	1	118,8
11	1	118,79
11	1	118,78
11	1	118,77
11	1	118,76
11	2	118,75
11	12	118,74
11	1	118,73
11	4	118,71
11	1	118,68
11	1	118,67
11	1	118,36
11	1	118,32
11	1	118,22
11	1	118,19
11	3	118,189
11	1	118,184
11	4	118,183
11	1	118,176
11	1	118,171
11	3	118,151
11	7	118,145
11	13	118,143
11	33	118,142
11	3	118,140
11	3	118,137
11	2	118,118
11	1	118,116
11	8	118,115
11	3	118,110
11	1	118,108
11	1	118,104
11	4	118,102
11	202	118,100
11	2	117,96
11	3	117,95
11	1	117,94
11	3	117,91
11	15	117,90
11	20	117,9
11	3	117,88
11	14	117,84
11	2	117,81
11	30	117,80
11	1	117,8
11	6	117,78
11	2	117,76
11	2	117,75
11	4	117,74
11	7	117,72
11	1	117,71
11	7	117,68
11	11	117,67
11	10	117,6
11	2	117,58
11	1	117,54
11	1	117,5
11	2	117,49
11	1	117,47
11	1	117,46
11	1	117,44
11	1	117,42
11	3	117,36
11	14	117,33
11	1	117,32
11	1	117,31
11	3	117,3
11	1	117,23
11	2	117,218
11	4	117,21
11	1	117,20
11	2	117,195
11	27	117,190
11	15	117,189
11	7	117,185
11	2	117,184
11	1	117,179
11	3	117,178
11	4	117,177
11	2	117,176
11	2	117,171
11	4	117,160
11	5	117,16
11	4	117,151
11	3	117,145
11	1	117,143
11	1	117,141
11	1	117,139
11	1	117,12
11	2	117,117
11	3	117,116
11	8	117,115
11	2	117,111
11	1	117,110
11	1	117,11
11	14	117,109
11	2	117,108
11	11	117,107
11	3	117,105
11	4	117,100
11	1	117,10
11	2	116,99
11	4	116,97
11	22	116,96
11	2	116,95
11	6	116,91
11	11	116,90
11	1	116,9
11	6	116,89
11	6	116,88
11	6	116,87
11	13	116,85
11	4	116,84
11	28	116,80
11	2	116,79
11	1	116,77
11	65	116,76
11	2	116,75
11	15	116,74
11	12	116,73
11	4	116,72
11	7	116,71
11	1	116,70
11	20	116,68
11	17	116,67
11	3	116,6
11	3	116,58
11	2	116,54
11	2	116,47
11	19	116,46
11	1	116,44
11	2	116,42
11	1	116,40
11	8	116,39
11	7	116,36
11	1	116,33
11	4	116,30
11	9	116,29
11	1	116,25
11	4	116,23
11	10	116,21
11	1	116,194
11	6	116,190
11	1	116,19
11	17	116,189
11	2	116,185
11	1	116,184
11	3	116,180
11	5	116,179
11	2	116,178
11	8	116,177
11	4	116,176
11	3	116,17
11	4	116,151
11	1	116,15
11	3	116,140
11	4	116,14
11	1	116,139
11	1	116,118
11	4	116,117
11	8	116,116
11	3	116,115
11	5	116,110
11	2	116,11
11	2	116,109
11	13	116,108
11	10	116,107
11	1	116,105
11	6	116,104
11	1	116,100
11	7	115,99
11	1	115,98
11	9	115,96
11	4	115,95
11	32	115,91
11	11	115,89
11	19	115,88
11	8	115,87
11	1	115,81
11	4	115,80
11	1	115,8
11	1	115,79
11	15	115,78
11	1	115,76
11	4	115,75
11	13	115,74
11	14	115,73
11	1	115,72
11	48	115,71
11	1	115,70
11	5	115,68
11	3	115,67
11	1	115,6
11	8	115,46
11	1	115,44
11	1	115,42
11	6	115,36
11	1	115,32
11	1	115,3
11	1	115,23
11	24	115,21
11	2	115,189
11	2	115,185
11	1	115,184
11	4	115,183
11	7	115,180
11	2	115,177
11	1	115,16
11	5	115,15
11	6	115,149
11	18	115,145
11	1	115,142
11	9	115,140
11	2	115,14
11	2	115,139
11	6	115,137
11	7	115,118
11	14	115,117
11	1	115,116
11	4	115,115
11	5	115,112
11	2	115,111
11	14	115,110
11	17	115,108
11	1	115,107
11	2	115,105
11	5	115,104
11	12	115,102
11	9	115,100
11	4	114,91
11	1	114,88
11	1	114,71
11	1	114,183
11	2	114,118
11	2	114,115
11	3	114,110
11	1	114,107
11	46	114,100
11	2	112,91
11	1	112,90
11	1	112,89
11	3	112,80
11	1	112,78
11	3	112,77
11	2	112,74
11	1	112,71
11	1	112,67
11	1	112,183
11	2	112,177
11	1	112,142
11	1	112,117
11	5	112,115
11	1	112,112
11	2	112,110
11	2	112,100
11	1	111,99
11	1	111,80
11	1	111,76
11	1	111,74
11	2	111,71
11	1	111,194
11	2	111,183
11	1	111,176
11	1	111,118
11	1	111,115
11	1	111,111
11	18	111,100
11	1	110,98
11	13	110,97
11	4	110,96
11	17	110,95
11	2	110,91
11	10	110,90
11	2	110,9
11	21	110,88
11	15	110,87
11	3	110,84
11	8	110,80
11	11	110,8
11	8	110,79
11	7	110,78
11	1	110,77
11	18	110,76
11	5	110,75
11	22	110,74
11	16	110,73
11	1	110,72
11	17	110,71
11	17	110,70
11	5	110,68
11	10	110,67
11	1	110,6
11	2	110,58
11	1	110,5
11	2	110,46
11	1	110,44
11	1	110,37
11	4	110,36
11	4	110,33
11	2	110,32
11	1	110,29
11	1	110,22
11	1	110,21
11	3	110,190
11	8	110,19
11	2	110,189
11	1	110,184
11	1	110,180
11	2	110,178
11	3	110,177
11	7	110,176
11	1	110,175
11	7	110,17
11	2	110,160
11	6	110,149
11	1	110,145
11	2	110,143
11	1	110,142
11	1	110,141
11	2	110,14
11	2	110,139
11	1	110,137
11	1	110,118
11	4	110,116
11	5	110,115
11	1	110,114
11	2	110,112
11	1	110,111
11	6	110,110
11	12	110,11
11	3	110,109
11	2	110,108
11	3	110,107
11	3	110,105
11	48	110,104
11	5	110,100
11	2	110,10
11	2	11,98
11	3	11,97
11	12	11,96
11	1	11,95
11	1	11,94
11	1	11,91
11	1	11,9
11	1	11,89
11	1	11,88
11	5	11,87
11	2	11,82
11	1	11,81
11	5	11,80
11	5	11,8
11	2	11,75
11	2	11,74
11	3	11,73
11	2	11,69
11	16	11,68
11	1	11,67
11	4	11,6
11	2	11,58
11	13	11,57
11	9	11,56
11	2	11,51
11	9	11,5
11	7	11,46
11	2	11,42
11	9	11,41
11	1	11,4
11	1	11,39
11	8	11,37
11	4	11,36
11	6	11,33
11	34	11,32
11	9	11,30
11	3	11,3
11	3	11,27
11	4	11,25
11	1	11,22
11	7	11,21
11	17	11,208
11	1	11,193
11	7	11,190
11	3	11,19
11	1	11,185
11	1	11,179
11	4	11,175
11	15	11,171
11	2	11,169
11	7	11,160
11	3	11,16
11	3	11,159
11	1	11,152
11	8	11,15
11	2	11,14
11	4	11,135
11	10	11,133
11	1	11,131
11	1	11,126
11	26	11,12
11	1	11,116
11	11	11,11
11	2	11,109
11	6	11,105
11	11	11,104
11	3	11,103
11	1	11,10
11	2	109,91
11	1	109,90
11	2	109,84
11	1	109,81
11	4	109,80
11	1	109,76
11	10	109,72
11	3	109,7
11	2	109,67
11	1	109,6
11	3	109,59
11	3	109,58
11	5	109,54
11	2	109,49
11	1	109,44
11	2	109,43
11	2	109,42
11	2	109,40
11	3	109,36
11	2	109,33
11	3	109,32
11	2	109,30
11	2	109,3
11	2	109,29
11	1	109,24
11	3	109,23
11	9	109,22
11	1	109,218
11	3	109,21
11	2	109,192
11	4	109,189
11	1	109,184
11	6	109,179
11	1	109,178
11	1	109,177
11	2	109,16
11	2	109,152
11	6	109,151
11	2	109,150
11	1	109,143
11	3	109,141
11	3	109,135
11	2	109,12
11	5	109,117
11	6	109,11
11	1	109,109
11	1	109,108
11	3	109,107
11	2	109,10
11	6	108,97
11	7	108,96
11	3	108,95
11	4	108,91
11	2	108,90
11	3	108,89
11	15	108,88
11	45	108,87
11	1	108,84
11	8	108,80
11	2	108,8
11	8	108,79
11	6	108,78
11	9	108,76
11	5	108,75
11	47	108,74
11	30	108,73
11	1	108,72
11	13	108,71
11	13	108,70
11	1	108,69
11	10	108,68
11	8	108,67
11	1	108,6
11	3	108,58
11	6	108,46
11	11	108,43
11	1	108,42
11	1	108,39
11	2	108,36
11	1	108,33
11	2	108,32
11	2	108,29
11	1	108,190
11	2	108,19
11	4	108,189
11	5	108,183
11	3	108,180
11	1	108,179
11	1	108,178
11	2	108,177
11	9	108,176
11	7	108,17
11	1	108,169
11	1	108,15
11	9	108,149
11	5	108,143
11	2	108,142
11	1	108,141
11	5	108,140
11	9	108,139
11	2	108,137
11	17	108,116
11	20	108,115
11	6	108,110
11	3	108,11
11	4	108,109
11	4	108,108
11	1	108,107
11	10	108,105
11	12	108,104
11	4	108,100
11	9	107,98
11	3	107,97
11	3	107,96
11	16	107,95
11	1	107,94
11	12	107,91
11	28	107,90
11	1	107,9
11	1	107,89
11	29	107,88
11	2	107,87
11	5	107,85
11	7	107,84
11	1	107,81
11	13	107,80
11	1	107,8
11	2	107,79
11	4	107,78
11	28	107,76
11	31	107,75
11	6	107,74
11	1	107,73
11	9	107,72
11	5	107,71
11	1	107,70
11	4	107,69
11	23	107,68
11	39	107,67
11	8	107,6
11	1	107,59
11	6	107,58
11	1	107,54
11	1	107,49
11	3	107,47
11	12	107,46
11	2	107,42
11	2	107,41
11	1	107,39
11	6	107,36
11	22	107,33
11	3	107,32
11	2	107,3
11	3	107,23
11	4	107,22
11	1	107,217
11	3	107,21
11	2	107,195
11	23	107,190
11	8	107,19
11	14	107,189
11	19	107,185
11	10	107,184
11	47	107,179
11	64	107,178
11	28	107,177
11	6	107,176
11	1	107,171
11	2	107,17
11	1	107,169
11	1	107,161
11	1	107,160
11	14	107,16
11	1	107,15
11	1	107,149
11	4	107,143
11	5	107,141
11	8	107,14
11	4	107,139
11	3	107,12
11	1	107,118
11	12	107,117
11	10	107,116
11	5	107,115
11	5	107,110
11	2	107,11
11	3	107,109
11	3	107,108
11	7	107,107
11	10	107,105
11	1	107,104
11	1	107,102
11	5	107,100
11	1	107,10
11	18	105,97
11	11	105,96
11	6	105,95
11	3	105,91
11	1	105,90
11	23	105,9
11	1	105,89
11	2	105,88
11	21	105,87
11	4	105,85
11	16	105,84
11	2	105,81
11	19	105,80
11	1	105,8
11	5	105,78
11	3	105,76
11	6	105,75
11	13	105,74
11	5	105,73
11	10	105,70
11	17	105,68
11	24	105,67
11	10	105,6
11	12	105,58
11	2	105,57
11	1	105,42
11	4	105,41
11	13	105,36
11	3	105,33
11	8	105,32
11	2	105,3
11	3	105,27
11	7	105,23
11	1	105,22
11	3	105,21
11	1	105,195
11	1	105,192
11	5	105,19
11	2	105,189
11	8	105,184
11	1	105,183
11	44	105,179
11	14	105,178
11	5	105,177
11	1	105,175
11	12	105,17
11	1	105,169
11	1	105,160
11	8	105,151
11	1	105,15
11	4	105,149
11	2	105,141
11	1	105,14
11	22	105,139
11	2	105,133
11	1	105,126
11	3	105,117
11	4	105,116
11	1	105,115
11	3	105,11
11	3	105,108
11	8	105,107
11	12	105,105
11	2	105,104
11	1	105,102
11	1	105,100
11	16	105,10
11	1	104,99
11	3	104,97
11	1	104,96
11	3	104,91
11	2	104,9
11	9	104,89
11	2	104,88
11	2	104,87
11	3	104,80
11	1	104,8
11	1	104,79
11	1	104,78
11	6	104,76
11	3	104,75
11	36	104,74
11	37	104,73
11	2	104,71
11	20	104,70
11	3	104,68
11	6	104,67
11	1	104,4
11	1	104,30
11	1	104,189
11	1	104,185
11	1	104,183
11	1	104,180
11	14	104,177
11	9	104,176
11	1	104,17
11	1	104,15
11	1	104,149
11	2	104,145
11	2	104,142
11	10	104,140
11	1	104,14
11	1	104,118
11	2	104,116
11	3	104,115
11	38	104,110
11	13	104,11
11	11	104,108
11	2	104,107
11	4	104,104
11	1	104,102
11	1	104,10
11	1	103,97
11	1	103,9
11	1	103,80
11	1	103,70
11	2	103,69
11	3	103,5
11	1	103,46
11	1	103,41
11	2	103,39
11	2	103,36
11	2	103,33
11	2	103,32
11	2	103,27
11	1	103,23
11	1	103,20
11	2	103,193
11	1	103,19
11	2	103,189
11	2	103,159
11	1	103,151
11	1	103,15
11	1	103,149
11	1	103,141
11	3	103,14
11	2	103,126
11	1	103,12
11	2	103,110
11	5	103,11
11	1	103,107
11	2	103,103
11	1	102,99
11	5	102,96
11	2	102,95
11	3	102,91
11	1	102,90
11	3	102,89
11	3	102,80
11	1	102,78
11	1	102,76
11	4	102,74
11	1	102,73
11	1	102,72
11	16	102,71
11	1	102,67
11	1	102,6
11	3	102,47
11	1	102,189
11	1	102,183
11	1	102,176
11	2	102,145
11	1	102,142
11	3	102,137
11	8	102,115
11	1	102,114
11	2	102,111
11	6	102,110
11	18	102,108
11	5	102,102
11	53	102,100
11	1	100,99
11	1	100,96
11	6	100,95
11	16	100,91
11	4	100,89
11	9	100,88
11	1	100,87
11	1	100,84
11	5	100,80
11	5	100,78
11	8	100,77
11	1	100,76
11	5	100,74
11	5	100,73
11	1	100,72
11	6	100,71
11	2	100,70
11	2	100,68
11	2	100,67
11	1	100,58
11	1	100,47
11	1	100,46
11	1	100,42
11	1	100,40
11	14	100,185
11	14	100,183
11	1	100,177
11	2	100,176
11	2	100,149
11	16	100,145
11	18	100,142
11	11	100,140
11	1	100,139
11	16	100,137
11	201	100,118
11	1	100,116
11	14	100,115
11	19	100,114
11	2	100,112
11	9	100,111
11	19	100,108
11	1	100,107
11	1	100,105
11	19	100,102
11	12	100,100
11	1	100,10
11	3	10,98
11	10	10,97
11	5	10,95
11	1	10,94
11	1	10,91
11	46	10,9
11	1	10,89
11	2	10,88
11	4	10,87
11	1	10,85
11	3	10,84
11	2	10,81
11	6	10,80
11	12	10,8
11	1	10,79
11	2	10,78
11	3	10,76
11	2	10,75
11	1	10,74
11	4	10,73
11	1	10,71
11	2	10,69
11	6	10,68
11	15	10,67
11	4	10,6
11	4	10,58
11	1	10,57
11	1	10,51
11	2	10,5
11	7	10,46
11	1	10,42
11	32	10,41
11	2	10,39
11	13	10,36
11	7	10,33
11	6	10,32
11	1	10,3
11	1	10,27
11	2	10,25
11	6	10,21
11	1	10,208
11	7	10,190
11	6	10,19
11	1	10,184
11	2	10,179
11	9	10,175
11	1	10,174
11	1	10,16
11	1	10,149
11	2	10,139
11	1	10,130
11	1	10,116
11	1	10,110
11	1	10,11
11	3	10,109
11	2	10,108
11	4	10,107
11	18	10,105
11	2	10,104
11	4	10,103
11	3	10,10
11	1	1,94
11	1	1,71
11	5	84,32
11	2	84,33
11	15	84,36
11	1	84,42
11	9	84,43
11	4	84,44
11	2	84,46
11	2	84,47
11	1	84,49
11	1	84,5
11	1	84,57
11	3	84,58
11	8	84,6
11	8	84,67
11	4	84,68
11	1	84,70
11	33	84,72
11	4	84,74
11	4	84,75
11	5	84,76
11	1	84,77
11	3	84,78
11	13	84,80
11	1	84,81
11	5	84,84
11	3	84,85
11	1	84,87
11	8	84,88
11	1	84,9
11	6	84,90
11	15	84,91
11	17	84,94
11	11	84,95
11	3	84,96
11	1	84,97
11	5	84,98
11	4	85,105
11	3	85,107
11	1	85,109
11	5	85,110
11	13	85,116
11	1	85,117
11	2	85,139
11	11	85,143
11	1	85,159
11	1	85,16
11	8	85,169
11	5	85,171
11	1	85,177
11	5	85,178
11	1	85,189
11	1	85,19
11	5	85,190
11	1	85,192
11	1	85,20
11	10	85,22
11	3	85,23
11	1	85,3
11	4	85,36
11	1	85,39
11	1	85,40
11	1	85,43
11	10	85,44
11	2	85,47
11	3	85,54
11	12	85,58
11	1	85,59
11	3	85,6
11	1	85,67
11	11	85,72
11	1	85,73
11	1	85,74
11	13	85,75
11	2	85,78
11	10	85,81
11	3	85,84
11	4	85,85
11	7	85,88
11	7	85,90
11	4	85,91
11	22	85,94
11	9	85,95
11	1	85,96
11	22	85,98
11	19	87,105
11	7	87,107
11	66	87,108
11	11	87,11
11	24	87,110
11	1	87,111
11	3	87,115
11	2	87,116
11	2	87,139
11	4	87,14
11	13	87,141
11	4	87,149
11	1	87,15
11	48	87,17
11	5	87,176
11	14	87,177
11	5	87,178
11	4	87,179
11	1	87,189
11	8	87,19
11	9	87,21
11	20	87,29
11	1	87,3
11	6	87,33
11	3	87,36
11	1	87,39
11	2	87,41
11	1	87,57
11	2	87,6
11	15	87,67
11	26	87,68
11	36	87,70
11	2	87,71
11	3	87,72
11	26	87,73
11	81	87,74
11	1	87,75
11	21	87,76
11	30	87,80
11	1	87,81
11	1	87,84
11	17	87,87
11	3	87,88
11	5	87,89
11	1	87,9
11	7	87,91
11	9	87,96
11	4	87,97
11	2	88,100
11	2	88,102
11	2	88,104
11	2	88,105
11	36	88,107
11	5	88,108
11	1	88,11
11	29	88,110
11	1	88,111
11	13	88,115
11	4	88,116
11	1	88,118
11	1	88,136
11	3	88,139
11	3	88,14
11	13	88,141
11	1	88,143
11	5	88,149
11	1	88,16
11	2	88,160
11	1	88,17
11	10	88,176
11	33	88,177
11	2	88,178
11	1	88,179
11	4	88,185
11	30	88,189
11	3	88,190
11	1	88,195
11	3	88,20
11	1	88,200
11	3	88,21
11	8	88,22
11	1	88,29
11	1	88,30
11	1	88,32
11	1	88,33
11	5	88,36
11	1	88,42
11	1	88,43
11	2	88,44
11	3	88,46
11	2	88,54
11	1	88,57
11	1	88,59
11	7	88,6
11	42	88,67
11	34	88,68
11	1	88,7
11	8	88,70
11	13	88,71
11	6	88,72
11	13	88,73
11	39	88,74
11	6	88,75
11	59	88,76
11	1	88,77
11	5	88,78
11	1	88,79
11	58	88,80
11	1	88,81
11	3	88,84
11	6	88,87
11	17	88,88
11	13	88,89
11	2	88,9
11	13	88,90
11	24	88,91
11	4	88,95
11	16	88,96
11	1	88,97
11	1	88,98
11	1	88,99
11	3	89,10
11	7	89,100
11	22	89,102
11	6	89,104
11	4	89,105
11	2	89,107
11	2	89,108
11	2	89,110
11	1	89,111
11	1	89,114
11	19	89,115
11	6	89,116
11	5	89,118
11	1	89,138
11	1	89,14
11	1	89,140
11	1	89,141
11	9	89,142
11	12	89,143
11	1	89,145
11	1	89,149
11	5	89,15
11	1	89,160
11	6	89,17
11	1	89,174
11	18	89,176
11	1	89,177
11	1	89,178
11	3	89,180
11	1	89,184
11	2	89,190
11	1	89,195
11	3	89,208
11	1	89,22
11	2	89,3
11	2	89,32
11	1	89,33
11	1	89,37
11	1	89,41
11	1	89,58
11	6	89,67
11	2	89,68
11	22	89,70
11	10	89,71
11	1	89,72
11	30	89,73
11	16	89,74
11	2	89,75
11	9	89,76
11	6	89,78
11	1	89,8
11	1	89,80
11	1	89,81
11	1	89,84
11	5	89,87
11	7	89,88
11	5	89,89
11	4	89,91
11	2	89,95
11	4	89,96
11	3	89,97
11	2	89,99
11	32	9,10
11	3	9,104
11	21	9,105
11	9	9,107
11	1	9,109
11	2	9,110
11	2	9,115
11	1	9,116
11	9	9,117
11	1	9,118
11	1	9,12
11	4	9,139
11	5	9,14
11	1	9,140
11	3	9,16
11	1	9,17
11	1	9,171
11	4	9,175
11	16	9,178
11	3	9,179
11	1	9,180
11	1	9,185
11	29	9,19
11	18	9,190
11	2	9,192
11	13	9,21
11	1	9,218
11	2	9,22
11	1	9,23
11	1	9,25
11	1	9,3
11	6	9,32
11	24	9,33
11	14	9,36
11	4	9,39
11	12	9,41
11	1	9,43
11	2	9,46
11	1	9,5
11	3	9,54
11	1	9,58
11	2	9,6
11	7	9,67
11	6	9,68
11	2	9,69
11	1	9,72
11	2	9,73
11	1	9,75
11	1	9,76
11	1	9,78
11	8	9,8
11	2	9,80
11	2	9,81
11	1	9,82
11	2	9,87
11	1	9,88
11	1	9,89
11	5	9,9
11	13	9,91
11	1	9,95
11	2	9,96
11	8	9,97
11	1	90,100
11	6	90,105
11	11	90,107
11	2	90,109
11	2	90,115
11	9	90,116
11	21	90,117
11	1	90,118
11	1	90,12
11	2	90,136
11	21	90,141
11	26	90,143
11	1	90,145
11	1	90,149
11	1	90,150
11	2	90,151
11	5	90,16
11	2	90,169
11	17	90,171
11	1	90,176
11	1	90,177
11	2	90,178
11	3	90,179
11	3	90,185
11	46	90,189
11	13	90,190
11	2	90,192
11	2	90,195
11	1	90,20
11	5	90,21
11	3	90,22
11	2	90,23
11	1	90,24
11	1	90,33
11	22	90,36
11	4	90,4
11	2	90,40
11	1	90,41
11	3	90,42
11	22	90,43
11	3	90,44
11	1	90,46
11	4	90,47
11	1	90,49
11	4	90,5
11	1	90,54
11	9	90,58
11	2	90,59
11	14	90,6
11	8	90,67
11	4	90,68
11	2	90,70
11	3	90,71
11	5	90,72
11	4	90,75
11	10	90,76
11	2	90,77
11	3	90,78
11	1	90,79
11	27	90,80
11	1	90,81
11	7	90,84
11	7	90,85
11	19	90,88
11	2	90,9
11	6	90,90
11	13	90,91
11	13	90,94
11	33	90,95
11	2	90,96
11	7	90,98
11	1	90,99
11	1	91,10
11	29	91,100
11	10	91,102
11	1	91,103
11	1	91,104
11	3	91,105
11	14	91,107
11	3	91,108
11	4	91,109
11	2	91,110
11	1	91,112
11	47	91,115
11	15	91,116
11	2	91,117
11	2	91,118
11	1	91,137
11	1	91,139
11	1	91,14
11	2	91,140
11	8	91,141
11	3	91,143
11	6	91,145
11	19	91,16
11	2	91,163
11	1	91,170
11	1	91,171
11	3	91,176
11	10	91,177
11	10	91,178
11	7	91,179
11	14	91,184
11	4	91,185
11	61	91,189
11	19	91,190
11	2	91,192
11	2	91,20
11	10	91,21
11	1	91,218
11	1	91,22
11	4	91,23
11	3	91,27
11	1	91,29
11	3	91,32
11	34	91,33
11	4	91,36
11	5	91,39
11	2	91,4
11	1	91,41
11	2	91,42
11	3	91,43
11	1	91,44
11	1	91,46
11	3	91,47
11	1	91,49
11	7	91,54
11	1	91,57
11	6	91,58
11	24	91,6
11	29	91,67
11	20	91,68
11	2	91,69
11	1	91,70
11	7	91,71
11	4	91,72
11	3	91,73
11	2	91,74
11	21	91,75
11	12	91,76
11	5	91,79
11	25	91,8
11	34	91,80
11	1	91,81
11	22	91,84
11	1	91,85
11	2	91,87
11	54	91,88
11	4	91,89
11	7	91,9
11	9	91,90
11	11	91,91
11	2	91,94
11	9	91,95
11	9	91,96
11	1	91,97
11	10	91,98
11	1	92,119
11	1	92,12
11	1	92,130
11	2	92,138
11	3	92,173
11	1	92,22
11	6	92,39
11	3	92,4
11	32	92,93
11	2	93,121
11	1	93,130
11	4	93,138
11	1	93,161
11	1	93,170
11	1	93,173
11	2	93,186
11	5	93,39
11	1	93,63
11	20	93,92
11	8	93,93
11	6	94,107
11	2	94,110
11	1	94,117
11	1	94,139
11	3	94,141
11	2	94,143
11	1	94,150
11	15	94,151
11	2	94,16
11	1	94,160
11	9	94,169
11	4	94,171
11	1	94,185
11	3	94,189
11	3	94,190
11	2	94,192
11	2	94,194
11	3	94,195
11	2	94,20
11	16	94,22
11	24	94,23
11	3	94,30
11	4	94,36
11	2	94,40
11	2	94,42
11	2	94,43
11	15	94,44
11	1	94,46
11	13	94,47
11	2	94,58
11	1	94,59
11	19	94,6
11	2	94,67
11	11	94,72
11	3	94,77
11	2	94,78
11	8	94,80
11	19	94,84
11	12	94,85
11	12	94,90
11	7	94,91
11	2	94,94
11	1	94,95
11	14	94,98
11	3	95,10
11	6	95,100
11	7	95,102
11	3	95,105
11	13	95,107
11	3	95,11
11	33	95,110
11	1	95,112
11	11	95,115
11	4	95,116
11	1	95,117
11	2	95,118
11	2	95,12
11	1	95,137
11	7	95,139
11	2	95,141
11	3	95,143
11	1	95,149
11	3	95,16
11	1	95,161
11	1	95,169
11	1	95,17
11	7	95,171
11	1	95,176
11	8	95,177
11	4	95,178
11	4	95,179
11	7	95,184
11	6	95,185
11	29	95,189
11	1	95,195
11	1	95,25
11	1	95,29
11	2	95,32
11	8	95,33
11	7	95,36
11	1	95,39
11	4	95,43
11	2	95,44
11	4	95,46
11	4	95,54
11	2	95,58
11	5	95,6
11	33	95,67
11	59	95,68
11	1	95,7
11	1	95,70
11	11	95,71
11	16	95,72
11	3	95,73
11	2	95,74
11	16	95,75
11	17	95,76
11	1	95,77
11	6	95,78
11	22	95,80
11	1	95,81
11	6	95,84
11	3	95,85
11	2	95,87
11	7	95,88
11	3	95,89
11	3	95,9
11	28	95,90
11	10	95,91
11	11	95,95
11	7	95,96
11	1	95,97
11	1	96,10
11	3	96,100
11	3	96,104
11	3	96,105
11	5	96,107
11	4	96,108
11	5	96,109
11	13	96,11
11	4	96,110
11	8	96,115
11	17	96,116
11	1	96,117
11	7	96,118
11	3	96,139
11	2	96,140
11	4	96,141
11	3	96,142
11	3	96,145
11	3	96,149
11	1	96,16
11	1	96,17
11	7	96,176
11	6	96,177
11	2	96,180
11	1	96,184
11	6	96,189
11	14	96,190
11	3	96,21
11	2	96,23
11	4	96,25
11	1	96,29
11	3	96,33
11	1	96,36
11	1	96,37
11	1	96,41
11	1	96,42
11	3	96,46
11	2	96,47
11	1	96,49
11	4	96,58
11	4	96,6
11	13	96,67
11	17	96,68
11	13	96,70
11	9	96,71
11	11	96,72
11	24	96,73
11	32	96,74
11	8	96,75
11	23	96,76
11	5	96,78
11	13	96,80
11	1	96,81
11	4	96,84
11	5	96,87
11	19	96,88
11	8	96,89
11	2	96,9
11	1	96,90
11	4	96,91
11	9	96,95
11	10	96,96
11	3	96,97
11	1	96,98
11	2	97,10
11	2	97,103
11	5	97,104
11	20	97,105
11	21	97,108
11	4	97,11
11	8	97,110
11	5	97,116
11	16	97,139
11	1	97,140
11	2	97,141
11	1	97,149
11	1	97,15
11	3	97,159
11	2	97,16
11	7	97,17
11	1	97,176
11	1	97,177
11	1	97,178
11	1	97,179
11	3	97,180
11	7	97,184
11	1	97,185
11	4	97,19
11	1	97,193
11	2	97,207
11	1	97,208
11	2	97,29
11	3	97,32
11	3	97,33
11	2	97,36
11	4	97,46
11	1	97,58
11	3	97,67
11	5	97,68
11	1	97,69
11	10	97,70
11	2	97,71
11	5	97,73
11	25	97,74
11	1	97,75
11	3	97,76
11	1	97,78
11	1	97,79
11	4	97,80
11	1	97,84
11	3	97,87
11	1	97,88
11	2	97,89
11	8	97,9
11	1	97,95
11	2	97,96
11	6	97,97
11	2	98,10
11	9	98,107
11	4	98,11
11	4	98,110
11	1	98,115
11	6	98,135
11	4	98,141
11	11	98,143
11	4	98,150
11	10	98,151
11	3	98,16
11	1	98,160
11	2	98,161
11	2	98,163
11	11	98,169
11	7	98,171
11	2	98,177
11	1	98,179
11	2	98,189
11	8	98,190
11	11	98,192
11	10	98,20
11	2	98,21
11	2	98,218
11	25	98,22
11	13	98,23
11	4	98,24
11	1	98,27
11	1	98,3
11	1	98,32
11	1	98,33
11	20	98,36
11	3	98,39
11	8	98,40
11	4	98,42
11	2	98,43
11	19	98,44
11	1	98,46
11	34	98,47
11	1	98,49
11	2	98,54
11	6	98,58
11	9	98,59
11	6	98,6
11	1	98,67
11	2	98,68
11	2	98,72
11	4	98,73
11	2	98,74
11	2	98,78
11	5	98,80
11	13	98,81
11	10	98,84
11	26	98,85
11	2	98,88
11	2	98,9
11	19	98,90
11	16	98,91
11	22	98,94
11	1	98,97
11	9	98,98
11	3	99,108
11	1	99,110
11	7	99,115
11	1	99,137
11	1	99,145
11	1	99,177
11	1	99,189
11	1	99,192
11	1	99,6
11	1	99,67
11	1	99,68
11	2	99,73
11	5	99,74
11	1	99,75
11	1	99,78
11	2	99,79
11	1	99,88
11	1	99,89
11	1	99,99
11	1	84,29
