0	18	116,68
0	4	116,70
0	15	116,72
0	8	116,73
0	11	116,74
0	2	116,75
0	68	116,76
0	30	116,80
0	2	116,84
0	4	116,87
0	10	116,88
0	23	116,89
0	2	116,90
0	21	116,91
0	4	116,95
0	25	116,96
0	9	117,105
0	21	117,107
0	2	117,110
0	8	117,115
0	9	117,116
0	4	117,117
0	4	117,141
0	1	117,142
0	5	117,143
0	1	117,20
0	20	117,67
0	4	117,68
0	1	117,74
0	4	117,75
0	4	117,76
0	11	117,80
0	12	117,84
0	8	117,88
0	5	117,90
0	2	117,91
0	1	117,95
0	12	117,96
0	2	118,104
0	7	118,105
0	1	118,107
0	4	118,108
0	5	118,115
0	1	118,116
0	2	118,118
0	1	118,140
0	24	118,142
0	2	118,67
0	2	118,68
0	2	118,73
0	4	118,74
0	1	118,75
0	14	118,76
0	1	118,88
0	2	118,89
0	1	118,90
0	3	118,96
0	2	140,104
0	4	140,108
0	35	140,115
0	2	140,116
0	4	140,118
0	1	140,140
0	1	140,145
0	1	140,36
0	16	140,67
0	1	140,70
0	3	140,73
0	2	140,74
0	1	140,76
0	1	140,80
0	3	140,88
0	11	141,105
0	13	141,107
0	13	141,116
0	2	141,117
0	1	141,141
0	1	141,142
0	1	141,143
0	1	141,21
0	1	141,38
0	1	141,46
0	7	141,67
0	6	141,68
0	3	141,72
0	2	141,73
0	1	141,75
0	8	141,76
0	2	141,80
0	22	141,84
0	2	141,87
0	4	141,88
0	1	141,89
0	14	141,90
0	6	141,91
0	4	141,95
0	7	141,96
0	9	142,108
0	4	142,110
0	1	142,115
0	1	142,116
0	18	142,118
0	1	142,140
0	10	142,142
0	2	142,145
0	7	142,73
0	1	142,74
0	1	142,80
0	1	142,88
0	1	142,89
0	22	143,107
0	3	143,110
0	7	143,117
0	1	143,141
0	2	143,143
0	1	143,145
0	4	143,67
0	3	143,68
0	6	143,72
0	1	143,74
0	2	143,76
0	9	143,84
0	2	143,85
0	4	143,88
0	1	143,89
0	13	143,90
0	2	143,91
0	6	143,95
0	3	143,96
0	1	145,104
0	2	145,107
0	6	145,115
0	2	145,140
0	3	145,142
0	1	145,145
0	2	145,70
0	1	145,73
0	2	145,74
0	13	145,96
0	1	67,1
0	21	67,105
0	69	67,107
0	3	67,108
0	4	67,110
0	6	67,115
0	12	67,116
0	15	67,117
0	2	67,118
0	10	67,140
0	2	67,141
0	4	67,143
0	1	67,21
0	1	67,32
0	7	67,33
0	1	67,36
0	4	67,46
0	1	67,51
0	25	67,67
0	70	67,68
0	1	67,70
0	3	67,72
0	1	67,73
0	21	67,74
0	55	67,75
0	28	67,76
0	33	67,80
0	5	67,84
0	1	67,87
0	44	67,88
0	2	67,89
0	3	67,90
0	27	67,91
0	35	67,95
0	3	67,96
0	1	67,97
0	4	68,104
0	40	68,105
0	41	68,107
0	1	68,108
0	12	68,110
0	4	68,115
0	26	68,116
0	2	68,117
0	1	68,118
0	1	68,14
0	1	68,140
0	2	68,141
0	2	68,143
0	1	68,149
0	2	68,21
0	1	68,46
0	51	68,67
0	12	68,68
0	1	68,70
0	5	68,72
0	3	68,73
0	13	68,74
0	10	68,75
0	6	68,76
0	37	68,80
0	5	68,84
0	40	68,87
0	64	68,88
0	2	68,89
0	7	68,90
0	24	68,91
0	50	68,95
0	23	68,96
0	3	68,97
0	1	70,1
0	2	70,104
0	10	70,105
0	19	70,108
0	4	70,110
0	7	70,116
0	1	70,117
0	1	70,118
0	1	70,140
0	2	70,141
0	2	70,145
0	2	70,149
0	1	70,15
0	1	70,29
0	1	70,36
0	6	70,67
0	2	70,68
0	3	70,70
0	2	70,74
0	4	70,76
0	1	70,80
0	20	70,87
0	6	70,88
0	22	70,89
0	1	70,95
0	4	70,96
0	4	70,97
0	1	72,1
0	1	72,104
0	4	72,105
0	1	72,107
0	1	72,108
0	4	72,109
0	16	72,116
0	1	72,117
0	1	72,140
0	3	72,141
0	9	72,143
0	2	72,23
0	5	72,67
0	7	72,68
0	5	72,72
0	7	72,74
0	6	72,75
0	2	72,76
0	4	72,80
0	32	72,84
0	1	72,87
0	27	72,88
0	23	72,90
0	18	72,91
0	10	72,95
0	4	72,96
0	30	73,104
0	8	73,105
0	3	73,107
0	11	73,108
0	6	73,110
0	7	73,115
0	13	73,116
0	1	73,118
0	2	73,140
0	6	73,142
0	4	73,145
0	1	73,149
0	1	73,16
0	1	73,17
0	1	73,29
0	9	73,67
0	3	73,68
0	4	73,73
0	4	73,75
0	7	73,76
0	16	73,87
0	14	73,88
0	4	73,89
0	1	73,90
0	1	73,91
0	4	73,95
0	8	73,96
0	1	73,98
0	44	74,104
0	23	74,105
0	3	74,107
0	17	74,108
0	21	74,110
0	18	74,115
0	4	74,116
0	2	74,118
0	5	74,145
0	1	74,149
0	1	74,17
0	1	74,42
0	23	74,67
0	2	74,68
0	3	74,70
0	6	74,72
0	1	74,73
0	5	74,74
0	4	74,75
0	10	74,76
0	2	74,80
0	2	74,84
0	29	74,87
0	13	74,88
0	19	74,89
0	2	74,91
0	11	74,95
0	24	74,96
0	11	74,97
0	1	75,1
0	1	75,104
0	2	75,105
0	46	75,107
0	2	75,108
0	2	75,110
0	2	75,115
0	2	75,116
0	7	75,117
0	1	75,140
0	2	75,141
0	2	75,21
0	1	75,6
0	56	75,67
0	12	75,68
0	6	75,72
0	1	75,73
0	6	75,74
0	1	75,75
0	15	75,76
0	43	75,80
0	12	75,84
0	4	75,87
0	3	75,88
0	3	75,90
0	18	75,91
0	12	75,95
0	5	75,96
0	4	75,97
0	17	76,105
0	31	76,107
0	6	76,108
0	8	76,110
0	2	76,115
0	41	76,116
0	5	76,117
0	1	76,118
0	9	76,141
0	2	76,143
0	1	76,149
0	1	76,46
0	42	76,67
0	3	76,68
0	1	76,70
0	3	76,73
0	15	76,74
0	16	76,75
0	2	76,76
0	47	76,80
0	4	76,84
0	24	76,87
0	22	76,88
0	2	76,89
0	9	76,90
0	12	76,91
0	14	76,95
0	30	76,96
0	3	76,97
0	1	80,104
0	21	80,105
0	18	80,107
0	1	80,108
0	2	80,110
0	26	80,115
0	14	80,116
0	11	80,117
0	5	80,118
0	2	80,141
0	2	80,142
0	2	80,143
0	2	80,145
0	40	80,67
0	61	80,68
0	3	80,72
0	2	80,74
0	26	80,75
0	26	80,76
0	10	80,80
0	7	80,84
0	1	80,87
0	24	80,88
0	2	80,89
0	16	80,90
0	15	80,91
0	45	80,95
0	10	80,96
0	4	80,97
0	34	84,107
0	2	84,115
0	11	84,117
0	20	84,141
0	14	84,143
0	1	84,36
0	1	84,46
0	11	84,67
0	9	84,68
0	29	84,72
0	1	84,74
0	8	84,75
0	1	84,76
0	17	84,80
0	3	84,84
0	3	84,88
0	6	84,90
0	11	84,91
0	1	84,95
0	2	84,96
0	15	87,105
0	1	87,107
0	14	87,108
0	13	87,110
0	4	87,115
0	2	87,116
0	1	87,140
0	1	87,141
0	7	87,67
0	33	87,68
0	55	87,70
0	1	87,72
0	15	87,73
0	34	87,74
0	6	87,75
0	25	87,76
0	2	87,80
0	1	87,84
0	3	87,87
0	1	87,88
0	13	87,89
0	1	87,91
0	1	87,95
0	24	87,96
0	10	87,97
0	2	88,104
0	10	88,105
0	19	88,107
0	14	88,108
0	13	88,110
0	13	88,115
0	6	88,116
0	2	88,117
0	1	88,118
0	4	88,140
0	2	88,141
0	7	88,143
0	1	88,23
0	2	88,38
0	5	88,46
0	46	88,67
0	39	88,68
0	12	88,70
0	21	88,72
0	14	88,73
0	18	88,74
0	6	88,75
0	81	88,76
0	30	88,80
0	7	88,84
0	3	88,87
0	4	88,88
0	6	88,89
0	6	88,90
0	26	88,91
0	5	88,95
0	10	88,96
0	10	89,104
0	2	89,105
0	1	89,107
0	3	89,108
0	1	89,110
0	17	89,115
0	18	89,116
0	1	89,118
0	1	89,142
0	2	89,145
0	1	89,149
0	1	89,67
0	2	89,68
0	28	89,70
0	13	89,73
0	17	89,74
0	6	89,76
0	3	89,87
0	2	89,88
0	1	89,89
0	3	89,90
0	3	89,91
0	2	89,95
0	11	89,96
0	2	89,97
0	1	90,1
0	5	90,105
0	8	90,107
0	2	90,110
0	3	90,115
0	2	90,116
0	2	90,117
0	12	90,141
0	4	90,142
0	22	90,143
0	2	90,67
0	1	90,68
0	27	90,72
0	1	90,73
0	2	90,74
0	14	90,75
0	6	90,76
0	10	90,80
0	2	90,84
0	1	90,85
0	6	90,88
0	2	90,89
0	2	90,90
0	27	90,91
0	42	90,95
0	1	90,96
0	1	91,104
0	6	91,105
0	114	91,107
0	4	91,108
0	5	91,110
0	33	91,115
0	5	91,116
0	2	91,117
0	18	91,118
0	1	91,140
0	8	91,141
0	6	91,143
0	1	91,145
0	1	91,36
0	1	91,4
0	1	91,46
0	1	91,51
0	1	91,54
0	1	91,59
0	54	91,67
0	28	91,68
0	16	91,72
0	1	91,73
0	9	91,74
0	15	91,75
0	8	91,76
0	9	91,80
0	4	91,81
0	14	91,84
0	1	91,85
0	3	91,87
0	20	91,88
0	1	91,89
0	25	91,90
0	4	91,91
0	20	91,95
0	8	91,96
0	1	91,97
0	3	95,104
0	6	95,105
0	47	95,107
0	6	95,108
0	1	95,11
0	9	95,110
0	2	95,116
0	1	95,141
0	7	95,143
0	1	95,36
0	28	95,67
0	31	95,68
0	2	95,70
0	30	95,72
0	1	95,73
0	13	95,74
0	21	95,75
0	19	95,76
0	50	95,80
0	5	95,84
0	1	95,85
0	1	95,87
0	6	95,88
0	2	95,89
0	30	95,90
0	23	95,91
0	4	95,95
0	4	95,96
0	4	96,104
0	7	96,105
0	6	96,107
0	10	96,108
0	8	96,110
0	5	96,115
0	24	96,116
0	1	96,117
0	3	96,118
0	9	96,141
0	1	96,142
0	1	96,143
0	3	96,145
0	2	96,46
0	16	96,67
0	18	96,68
0	1	96,70
0	4	96,72
0	15	96,73
0	41	96,74
0	6	96,75
0	39	96,76
0	16	96,80
0	1	96,84
0	21	96,87
0	7	96,88
0	30	96,89
0	7	96,91
0	9	96,95
0	1	96,96
0	2	96,97
0	1	97,104
0	7	97,105
0	2	97,107
0	2	97,108
0	1	97,115
0	1	97,145
0	1	97,149
0	2	97,68
0	4	97,70
0	1	97,73
0	9	97,74
0	4	97,76
0	5	97,80
0	3	97,87
0	1	97,89
0	2	97,96
0	5	97,97
0	27	104,110
0	21	104,115
0	1	104,116
0	3	104,140
0	1	104,142
0	3	104,68
0	18	104,70
0	50	104,73
0	49	104,74
0	4	104,76
0	1	104,87
0	1	104,88
0	9	104,89
0	1	104,91
0	1	104,96
0	1	105,104
0	2	105,105
0	16	105,107
0	12	105,108
0	4	105,110
0	3	105,115
0	4	105,116
0	8	105,117
0	11	105,141
0	1	105,142
0	1	105,36
0	15	105,67
0	25	105,68
0	5	105,70
0	2	105,72
0	1	105,73
0	15	105,74
0	5	105,75
0	16	105,76
0	18	105,80
0	17	105,84
0	10	105,87
0	14	105,88
0	2	105,89
0	7	105,91
0	6	105,95
0	6	105,96
0	14	105,97
0	7	107,105
0	15	107,107
0	1	107,108
0	1	107,110
0	1	107,115
0	14	107,116
0	13	107,117
0	2	107,118
0	42	107,141
0	1	107,142
0	25	107,143
0	1	107,145
0	2	107,32
0	1	107,33
0	1	107,36
0	67	107,67
0	39	107,68
0	2	107,70
0	1	107,72
0	4	107,74
0	42	107,75
0	17	107,76
0	21	107,80
0	50	107,84
0	1	107,87
0	28	107,88
0	4	107,90
0	127	107,91
0	30	107,95
0	4	107,96
0	7	108,104
0	5	108,105
0	1	108,107
0	3	108,108
0	7	108,110
0	22	108,115
0	2	108,116
0	8	108,140
0	9	108,142
0	1	108,145
0	1	108,149
0	4	108,67
0	5	108,68
0	14	108,70
0	19	108,73
0	15	108,74
0	10	108,76
0	4	108,80
0	3	108,87
0	14	108,88
0	1	108,89
0	1	108,91
0	5	108,96
0	6	108,97
0	34	110,104
0	6	110,105
0	7	110,108
0	1	110,109
0	1	110,11
0	5	110,110
0	8	110,115
0	5	110,116
0	1	110,118
0	1	110,142
0	1	110,143
0	1	110,145
0	6	110,67
0	7	110,68
0	9	110,70
0	7	110,73
0	15	110,74
0	3	110,75
0	5	110,76
0	1	110,80
0	8	110,87
0	8	110,88
0	6	110,89
0	5	110,91
0	11	110,95
0	3	110,96
0	16	115,104
0	6	115,105
0	3	115,107
0	27	115,108
0	4	115,110
0	2	115,115
0	5	115,116
0	9	115,117
0	11	115,118
0	33	115,140
0	1	115,141
0	2	115,142
0	2	115,143
0	5	115,145
0	5	115,36
0	3	115,67
0	2	115,68
0	2	115,70
0	1	115,72
0	6	115,73
0	17	115,74
0	2	115,75
0	4	115,76
0	14	115,80
0	2	115,84
0	7	115,87
0	17	115,88
0	12	115,89
0	2	115,90
0	34	115,91
0	2	115,95
0	12	115,96
0	2	116,104
0	4	116,105
0	8	116,107
0	8	116,108
0	6	116,110
0	4	116,115
0	10	116,117
0	1	116,118
0	4	116,140
0	5	116,141
0	2	116,143
0	1	116,145
0	15	116,67
