10	5,3
100	5,6
102	5,4
103	5,6
104	5,19
105	5,4
107	5,1
108	5,1
109	5,11
110	5,1
111	5,1
112	5,2
113	5,8
114	5,3
115	5,6
116	5,10
117	5,8
118	5,1
119	5,15
12	5,15
120	5,4
121	5,19
128	5,8
13	5,12
131	5,6
132	5,1
133	5,1
137	5,1
139	5,10
142	5,2
143	5,3
145	5,8
149	5,1
15	5,2
151	5,3
152	5,3
16	5,12
19	5,14
20	5,10
22	5,3
23	5,8
24	5,1
25	5,49
26	5,7
27	5,8
3	5,1
30	5,4
31	5,10
32	5,13
33	5,3
35	5,1
36	5,12
37	5,2
38	5,2
39	5,16
4	5,27
40	5,34
41	5,10
43	5,8
45	5,9
46	5,17
47	5,11
48	5,1
5	5,7
50	5,1
51	5,3
52	5,10
53	5,30
54	5,4
55	5,4
57	5,16
58	5,16
59	5,7
6	5,21
60	5,39
61	5,2
63	5,3
65	5,1
66	5,26
67	5,9
68	5,8
69	5,4
71	5,8
72	5,1
73	5,1
74	5,3
75	5,3
76	5,12
77	5,2
78	5,1
8	5,1
80	5,1
81	5,2
82	5,13
84	5,3
85	5,3
86	5,1
87	5,6
88	5,11
89	5,8
90	5,13
91	5,14
93	5,5
94	5,7
95	5,9
96	5,6
98	5,29
99	5,2
