1	15,2
10	15,61
100	15,77
102	15,18
103	15,21
104	15,30
105	15,62
106	15,5
107	15,156
108	15,58
109	15,108
11	15,108
110	15,53
111	15,13
112	15,15
113	15,14
114	15,11
115	15,48
116	15,58
117	15,57
118	15,38
119	15,14
12	15,45
120	15,91
121	15,28
122	15,38
123	15,18
124	15,5
125	15,18
126	15,10
128	15,3
129	15,11
13	15,100
130	15,8
131	15,23
132	15,8
133	15,28
134	15,51
135	15,22
136	15,49
137	15,5
138	15,17
139	15,22
14	15,98
140	15,17
141	15,62
142	15,32
143	15,28
145	15,2
149	15,30
15	15,19
150	15,43
151	15,107
152	15,35
16	15,106
17	15,32
19	15,39
20	15,101
21	15,99
22	15,173
23	15,107
24	15,68
25	15,35
26	15,49
27	15,20
29	15,24
3	15,63
30	15,50
31	15,59
32	15,51
33	15,118
35	15,72
36	15,151
37	15,16
38	15,52
39	15,54
4	15,53
40	15,98
41	15,41
42	15,150
43	15,91
44	15,71
45	15,81
46	15,96
47	15,109
48	15,108
49	15,74
5	15,48
50	15,108
51	15,12
52	15,108
53	15,134
54	15,115
55	15,66
56	15,13
57	15,53
58	15,105
59	15,39
6	15,88
60	15,144
61	15,113
63	15,15
64	15,133
65	15,57
66	15,41
67	15,298
68	15,118
69	15,37
7	15,47
70	15,67
71	15,25
72	15,138
73	15,146
74	15,185
75	15,149
76	15,115
77	15,16
78	15,42
79	15,23
8	15,36
80	15,141
81	15,84
82	15,15
84	15,134
85	15,60
86	15,28
87	15,55
88	15,67
89	15,45
9	15,68
90	15,72
91	15,162
92	15,1
93	15,8
94	15,56
95	15,54
96	15,72
97	15,42
98	15,93
99	15,11
