1	17,1
10	17,89
100	17,191
102	17,14
103	17,12
104	17,35
105	17,125
106	17,3
107	17,283
108	17,209
109	17,196
11	17,183
110	17,121
111	17,13
112	17,18
113	17,19
114	17,11
115	17,112
116	17,82
117	17,237
118	17,39
119	17,48
12	17,84
120	17,121
121	17,29
122	17,43
123	17,23
124	17,7
125	17,23
126	17,8
128	17,5
129	17,25
13	17,170
130	17,3
131	17,42
132	17,26
133	17,39
134	17,126
135	17,108
136	17,166
137	17,13
138	17,21
139	17,55
14	17,252
140	17,51
141	17,240
142	17,57
143	17,156
145	17,11
149	17,53
15	17,42
150	17,148
151	17,177
152	17,66
16	17,274
17	17,68
19	17,101
20	17,250
21	17,255
22	17,830
23	17,298
24	17,188
25	17,75
26	17,125
27	17,44
29	17,99
3	17,135
30	17,102
31	17,219
32	17,125
33	17,237
35	17,329
36	17,363
37	17,31
38	17,123
39	17,135
4	17,104
40	17,197
41	17,55
42	17,285
43	17,347
44	17,144
45	17,137
46	17,155
47	17,178
48	17,408
49	17,112
5	17,73
50	17,205
51	17,47
52	17,131
53	17,213
54	17,217
55	17,148
56	17,24
57	17,89
58	17,177
59	17,220
6	17,230
60	17,283
61	17,248
63	17,42
64	17,259
65	17,149
66	17,39
67	17,516
68	17,276
69	17,59
7	17,151
70	17,89
71	17,30
72	17,306
73	17,196
74	17,375
75	17,287
76	17,162
77	17,14
78	17,46
79	17,24
8	17,23
80	17,434
81	17,178
82	17,34
84	17,235
85	17,95
86	17,40
87	17,97
88	17,118
89	17,57
9	17,109
90	17,227
91	17,323
92	17,18
93	17,13
94	17,54
95	17,85
96	17,81
97	17,83
98	17,151
99	17,30
