1	16,1
10	16,118
100	16,91
102	16,9
103	16,28
104	16,44
105	16,106
106	16,5
107	16,278
108	16,90
109	16,117
11	16,206
110	16,80
111	16,9
112	16,9
113	16,12
114	16,10
115	16,85
116	16,45
117	16,153
118	16,22
119	16,35
12	16,76
120	16,100
121	16,21
122	16,50
123	16,12
124	16,21
125	16,30
126	16,13
128	16,3
129	16,29
13	16,169
130	16,3
131	16,20
132	16,7
133	16,21
134	16,67
135	16,100
136	16,84
137	16,13
138	16,11
139	16,34
14	16,214
140	16,45
141	16,115
142	16,33
143	16,74
145	16,6
149	16,43
15	16,13
150	16,83
151	16,130
152	16,49
16	16,117
17	16,47
19	16,58
20	16,144
21	16,196
22	16,384
23	16,215
24	16,104
25	16,61
26	16,97
27	16,26
29	16,37
3	16,66
30	16,70
31	16,143
32	16,73
33	16,126
35	16,193
36	16,215
37	16,28
38	16,41
39	16,83
4	16,73
40	16,116
41	16,39
42	16,203
43	16,210
44	16,61
45	16,115
46	16,117
47	16,154
48	16,193
49	16,71
5	16,70
50	16,199
51	16,16
52	16,106
53	16,165
54	16,155
55	16,110
56	16,21
57	16,42
58	16,171
59	16,149
6	16,143
60	16,209
61	16,155
63	16,23
64	16,302
65	16,68
66	16,45
67	16,396
68	16,200
69	16,34
7	16,124
70	16,83
71	16,32
72	16,262
73	16,148
74	16,255
75	16,180
76	16,101
77	16,8
78	16,44
79	16,21
8	16,29
80	16,296
81	16,135
82	16,26
84	16,213
85	16,108
86	16,24
87	16,57
88	16,86
89	16,51
9	16,87
90	16,109
91	16,268
92	16,20
93	16,16
94	16,68
95	16,65
96	16,99
97	16,33
98	16,176
99	16,13
