10	19,66
100	19,93
102	19,20
103	19,20
104	19,39
105	19,88
106	19,2
107	19,115
108	19,67
109	19,76
11	19,105
110	19,69
111	19,10
112	19,14
113	19,14
114	19,17
115	19,96
116	19,59
117	19,48
118	19,39
119	19,50
12	19,41
120	19,106
121	19,24
122	19,20
123	19,24
124	19,13
125	19,21
126	19,3
128	19,7
129	19,10
13	19,49
130	19,1
131	19,17
132	19,16
133	19,25
134	19,44
135	19,15
136	19,25
137	19,1
138	19,14
139	19,53
14	19,103
140	19,14
141	19,76
142	19,36
143	19,56
145	19,6
149	19,25
15	19,18
150	19,43
151	19,50
152	19,61
16	19,123
17	19,48
19	19,92
20	19,106
21	19,144
22	19,223
23	19,101
24	19,69
25	19,75
26	19,74
27	19,32
29	19,20
3	19,32
30	19,61
31	19,66
32	19,92
33	19,132
35	19,114
36	19,195
37	19,11
38	19,42
39	19,80
4	19,54
40	19,67
41	19,84
42	19,127
43	19,93
44	19,83
45	19,99
46	19,109
47	19,123
48	19,97
49	19,59
5	19,43
50	19,52
51	19,14
52	19,129
53	19,199
54	19,124
55	19,136
56	19,8
57	19,75
58	19,174
59	19,51
6	19,102
60	19,218
61	19,149
63	19,25
64	19,75
65	19,27
66	19,32
67	19,262
68	19,245
69	19,49
7	19,47
70	19,70
71	19,48
72	19,141
73	19,73
74	19,212
75	19,204
76	19,140
77	19,12
78	19,46
79	19,24
8	19,26
80	19,150
81	19,103
82	19,27
84	19,126
85	19,52
86	19,25
87	19,66
88	19,102
89	19,41
9	19,67
90	19,87
91	19,145
92	19,7
93	19,14
94	19,30
95	19,81
96	19,72
97	19,41
98	19,70
99	19,32
