10	8,21
100	8,60
102	8,19
103	8,56
104	8,85
105	8,120
106	8,6
107	8,81
108	8,28
109	8,497
11	8,23
110	8,36
111	8,31
112	8,64
113	8,107
114	8,115
115	8,147
116	8,215
117	8,58
118	8,135
119	8,107
12	8,98
120	8,86
121	8,150
122	8,48
123	8,47
124	8,32
125	8,110
126	8,28
128	8,1
129	8,80
13	8,129
130	8,15
131	8,52
132	8,14
133	8,45
134	8,78
135	8,10
136	8,8
137	8,25
138	8,12
139	8,157
14	8,9
140	8,57
141	8,58
142	8,24
143	8,69
145	8,25
149	8,42
15	8,41
150	8,51
151	8,98
152	8,73
16	8,267
17	8,71
19	8,114
20	8,158
21	8,110
22	8,540
23	8,160
24	8,27
25	8,114
26	8,128
27	8,46
29	8,10
3	8,41
30	8,65
31	8,58
32	8,50
33	8,180
35	8,44
36	8,157
37	8,9
38	8,264
39	8,231
4	8,146
40	8,181
41	8,175
42	8,57
43	8,198
44	8,99
45	8,142
46	8,187
47	8,161
48	8,49
49	8,109
5	8,48
50	8,60
51	8,54
52	8,161
53	8,130
54	8,90
55	8,157
56	8,21
57	8,97
58	8,119
59	8,64
6	8,185
60	8,214
61	8,143
63	8,96
64	8,20
65	8,50
66	8,82
67	8,155
68	8,161
69	8,157
7	8,12
70	8,20
71	8,63
72	8,94
73	8,39
74	8,75
75	8,188
76	8,204
77	8,34
78	8,86
79	8,80
8	8,35
80	8,23
81	8,116
82	8,91
84	8,67
85	8,52
86	8,88
87	8,215
88	8,294
89	8,36
9	8,102
90	8,202
91	8,139
93	8,33
94	8,44
95	8,245
96	8,164
97	8,41
98	8,207
99	8,80
