1	11,1
10	11,42
100	11,43
102	11,16
103	11,34
104	11,44
105	11,87
106	11,2
107	11,93
108	11,46
109	11,57
11	11,36
110	11,40
111	11,17
112	11,7
113	11,15
114	11,12
115	11,38
116	11,88
117	11,48
118	11,25
119	11,22
12	11,32
120	11,61
121	11,22
122	11,9
123	11,20
124	11,9
125	11,23
126	11,4
128	11,7
129	11,15
13	11,53
130	11,7
131	11,19
132	11,3
133	11,28
134	11,35
135	11,19
136	11,16
137	11,2
138	11,10
139	11,29
14	11,50
140	11,9
141	11,24
142	11,28
143	11,28
145	11,4
149	11,26
15	11,12
150	11,17
151	11,24
152	11,23
16	11,62
17	11,50
19	11,44
20	11,58
21	11,64
22	11,139
23	11,86
24	11,14
25	11,42
26	11,43
27	11,28
29	11,11
3	11,23
30	11,31
31	11,37
32	11,47
33	11,60
35	11,63
36	11,130
37	11,22
38	11,44
39	11,53
4	11,43
40	11,75
41	11,45
42	11,85
43	11,57
44	11,45
45	11,48
46	11,58
47	11,72
48	11,78
49	11,44
5	11,32
50	11,71
51	11,14
52	11,43
53	11,98
54	11,94
55	11,45
56	11,16
57	11,43
58	11,66
59	11,44
6	11,97
60	11,112
61	11,79
63	11,21
64	11,47
65	11,33
66	11,45
67	11,164
68	11,105
69	11,36
7	11,19
70	11,27
71	11,29
72	11,95
73	11,60
74	11,123
75	11,126
76	11,89
77	11,15
78	11,32
79	11,22
8	11,27
80	11,49
81	11,53
82	11,17
84	11,55
85	11,20
86	11,32
87	11,69
88	11,95
89	11,35
9	11,71
90	11,56
91	11,85
92	11,3
93	11,7
94	11,37
95	11,85
96	11,58
97	11,39
98	11,66
99	11,29
