10	20,64
100	20,73
102	20,11
103	20,12
104	20,31
105	20,77
106	20,6
107	20,69
108	20,29
109	20,46
11	20,50
110	20,38
111	20,7
112	20,6
113	20,9
114	20,12
115	20,85
116	20,46
117	20,29
118	20,16
119	20,23
12	20,37
120	20,73
121	20,23
122	20,11
123	20,13
124	20,9
125	20,24
126	20,2
128	20,4
129	20,14
13	20,48
130	20,3
131	20,25
132	20,5
133	20,18
134	20,29
135	20,6
136	20,16
137	20,3
138	20,16
139	20,34
14	20,55
140	20,17
141	20,41
142	20,15
143	20,35
145	20,3
149	20,19
15	20,11
150	20,30
151	20,38
152	20,50
16	20,71
17	20,39
19	20,77
20	20,80
21	20,79
22	20,140
23	20,79
24	20,52
25	20,32
26	20,54
27	20,50
29	20,8
3	20,28
30	20,40
31	20,51
32	20,52
33	20,89
35	20,56
36	20,137
37	20,10
38	20,42
39	20,52
4	20,54
40	20,64
41	20,64
42	20,71
43	20,39
44	20,51
45	20,70
46	20,68
47	20,74
48	20,53
49	20,50
5	20,51
50	20,39
51	20,11
52	20,92
53	20,137
54	20,82
55	20,85
56	20,8
57	20,55
58	20,101
59	20,31
6	20,63
60	20,140
61	20,92
63	20,11
64	20,69
65	20,21
66	20,20
67	20,141
68	20,188
69	20,39
7	20,20
70	20,34
71	20,30
72	20,69
73	20,78
74	20,196
75	20,160
76	20,114
77	20,16
78	20,31
79	20,19
8	20,24
80	20,90
81	20,79
82	20,18
84	20,75
85	20,34
86	20,27
87	20,44
88	20,60
89	20,36
9	20,79
90	20,58
91	20,90
92	20,5
93	20,5
94	20,26
95	20,44
96	20,56
97	20,39
98	20,65
99	20,19
