10	23,15
100	23,41
102	23,3
103	23,1
104	23,5
105	23,7
107	23,31
108	23,12
109	23,19
11	23,11
110	23,18
112	23,4
113	23,4
114	23,4
115	23,35
116	23,9
117	23,8
119	23,6
12	23,12
120	23,11
121	23,14
122	23,11
123	23,1
124	23,2
125	23,2
128	23,1
129	23,1
13	23,21
130	23,5
131	23,2
132	23,8
133	23,6
134	23,12
136	23,2
137	23,1
138	23,5
139	23,6
14	23,16
140	23,3
141	23,6
142	23,1
143	23,2
145	23,1
149	23,17
15	23,4
150	23,1
151	23,9
152	23,6
16	23,37
17	23,7
19	23,17
20	23,22
21	23,37
22	23,31
23	23,22
24	23,28
25	23,21
26	23,16
27	23,2
29	23,1
3	23,9
30	23,10
31	23,17
32	23,10
33	23,38
35	23,5
36	23,31
37	23,1
38	23,10
39	23,11
4	23,20
40	23,8
41	23,17
42	23,31
43	23,26
44	23,9
45	23,34
46	23,39
47	23,22
48	23,7
49	23,26
5	23,16
50	23,7
51	23,4
52	23,25
53	23,43
54	23,31
55	23,41
56	23,1
57	23,18
58	23,17
59	23,15
6	23,14
60	23,29
61	23,45
63	23,1
64	23,8
65	23,5
66	23,17
67	23,55
68	23,67
69	23,18
7	23,7
70	23,12
71	23,15
72	23,16
73	23,24
74	23,74
75	23,78
76	23,35
77	23,1
78	23,17
79	23,4
8	23,12
80	23,35
81	23,23
82	23,1
84	23,6
85	23,6
86	23,7
87	23,6
88	23,25
89	23,22
9	23,16
90	23,15
91	23,58
92	23,1
93	23,7
95	23,31
96	23,16
97	23,10
98	23,8
99	23,9
