10	10,24
100	10,31
102	10,22
103	10,35
104	10,37
105	10,61
106	10,2
107	10,79
108	10,22
109	10,101
11	10,23
110	10,36
111	10,19
112	10,25
113	10,13
114	10,22
115	10,38
116	10,80
117	10,30
118	10,53
119	10,26
12	10,26
120	10,36
121	10,14
122	10,22
123	10,16
124	10,10
125	10,28
126	10,15
128	10,2
129	10,13
13	10,31
130	10,6
131	10,26
132	10,5
133	10,21
134	10,20
135	10,6
136	10,12
137	10,6
138	10,5
139	10,41
14	10,27
140	10,16
141	10,17
142	10,21
143	10,23
145	10,10
149	10,23
15	10,5
150	10,7
151	10,21
152	10,14
16	10,71
17	10,31
19	10,39
20	10,53
21	10,85
22	10,97
23	10,64
24	10,15
25	10,54
26	10,44
27	10,36
29	10,9
3	10,8
30	10,23
31	10,22
32	10,26
33	10,53
35	10,45
36	10,104
37	10,13
38	10,50
39	10,60
4	10,52
40	10,81
41	10,40
42	10,61
43	10,30
44	10,27
45	10,53
46	10,53
47	10,89
48	10,42
49	10,31
5	10,23
50	10,39
51	10,19
52	10,58
53	10,78
54	10,63
55	10,43
56	10,20
57	10,45
58	10,70
59	10,32
6	10,70
60	10,92
61	10,71
63	10,13
64	10,22
65	10,34
66	10,30
67	10,116
68	10,113
69	10,36
7	10,12
70	10,27
71	10,36
72	10,85
73	10,46
74	10,90
75	10,116
76	10,98
77	10,24
78	10,44
79	10,32
8	10,35
80	10,41
81	10,47
82	10,30
84	10,52
85	10,14
86	10,32
87	10,88
88	10,116
89	10,29
9	10,61
90	10,70
91	10,85
93	10,11
94	10,22
95	10,98
96	10,68
97	10,24
98	10,55
99	10,42
