10	21,34
100	21,79
102	21,21
103	21,9
104	21,24
105	21,39
106	21,4
107	21,44
108	21,24
109	21,36
11	21,32
110	21,31
111	21,8
112	21,5
113	21,6
114	21,11
115	21,68
116	21,20
117	21,13
118	21,19
119	21,14
12	21,31
120	21,34
121	21,13
122	21,11
123	21,10
124	21,6
125	21,15
126	21,2
128	21,1
129	21,9
13	21,29
130	21,5
131	21,20
132	21,4
133	21,18
134	21,12
135	21,11
136	21,5
137	21,6
138	21,6
139	21,20
14	21,18
140	21,6
141	21,15
142	21,10
143	21,29
145	21,8
149	21,13
15	21,4
150	21,13
151	21,21
152	21,39
16	21,63
17	21,16
19	21,35
20	21,47
21	21,55
22	21,63
23	21,52
24	21,28
25	21,23
26	21,41
27	21,11
29	21,3
3	21,34
30	21,27
31	21,25
32	21,44
33	21,113
35	21,23
36	21,94
37	21,5
38	21,19
39	21,19
4	21,41
40	21,35
41	21,32
42	21,63
43	21,39
44	21,37
45	21,65
46	21,46
47	21,103
48	21,29
49	21,57
5	21,36
50	21,12
51	21,9
52	21,55
53	21,125
54	21,75
55	21,79
56	21,1
57	21,41
58	21,63
59	21,39
6	21,35
60	21,72
61	21,81
63	21,9
64	21,27
65	21,17
66	21,22
67	21,104
68	21,127
69	21,30
7	21,18
70	21,36
71	21,36
72	21,64
73	21,35
74	21,155
75	21,127
76	21,94
77	21,12
78	21,19
79	21,18
8	21,22
80	21,57
81	21,57
82	21,8
84	21,29
85	21,16
86	21,15
87	21,23
88	21,49
89	21,31
9	21,71
90	21,40
91	21,74
93	21,4
94	21,19
95	21,30
96	21,48
97	21,23
98	21,24
99	21,9
