10	14,72
100	14,58
102	14,6
103	14,21
104	14,39
105	14,85
106	14,4
107	14,142
108	14,43
109	14,73
11	14,58
110	14,60
111	14,24
112	14,17
113	14,10
114	14,6
115	14,61
116	14,37
117	14,44
118	14,36
119	14,27
12	14,34
120	14,83
121	14,20
122	14,8
123	14,29
124	14,18
125	14,42
126	14,11
128	14,6
129	14,23
13	14,55
130	14,2
131	14,27
132	14,11
133	14,15
134	14,55
135	14,15
136	14,13
137	14,10
138	14,13
139	14,17
14	14,69
140	14,9
141	14,69
142	14,28
143	14,49
145	14,4
149	14,8
15	14,22
150	14,31
151	14,40
152	14,38
16	14,55
17	14,41
19	14,63
20	14,96
21	14,69
22	14,112
23	14,101
24	14,86
25	14,32
26	14,68
27	14,34
29	14,15
3	14,39
30	14,24
31	14,34
32	14,71
33	14,95
35	14,80
36	14,143
37	14,9
38	14,62
39	14,51
4	14,45
40	14,67
41	14,42
42	14,107
43	14,60
44	14,37
45	14,68
46	14,100
47	14,94
48	14,85
49	14,45
5	14,37
50	14,76
51	14,19
52	14,80
53	14,115
54	14,122
55	14,67
56	14,14
57	14,43
58	14,94
59	14,55
6	14,86
60	14,115
61	14,94
63	14,19
64	14,64
65	14,42
66	14,30
67	14,229
68	14,115
69	14,35
7	14,36
70	14,45
71	14,22
72	14,131
73	14,95
74	14,205
75	14,138
76	14,122
77	14,19
78	14,21
79	14,22
8	14,31
80	14,121
81	14,73
82	14,16
84	14,83
85	14,66
86	14,22
87	14,56
88	14,78
89	14,35
9	14,49
90	14,40
91	14,91
92	14,5
93	14,10
94	14,49
95	14,51
96	14,77
97	14,44
98	14,86
99	14,13
