10	2,1
100	2,8
102	2,1
103	2,1
107	2,5
108	2,1
109	2,1
110	2,3
112	2,1
115	2,5
116	2,1
117	2,2
12	2,10
120	2,4
121	2,3
125	2,1
126	2,1
129	2,2
131	2,1
133	2,1
134	2,1
14	2,1
140	2,1
141	2,1
143	2,2
150	2,1
151	2,7
152	2,1
16	2,10
19	2,6
20	2,2
21	2,3
22	2,7
23	2,2
24	2,1
25	2,5
26	2,3
27	2,3
3	2,3
30	2,6
31	2,6
32	2,3
33	2,9
35	2,1
36	2,7
4	2,9
40	2,5
41	2,8
42	2,4
43	2,6
45	2,7
46	2,12
47	2,3
48	2,1
49	2,15
5	2,5
50	2,2
52	2,2
53	2,9
54	2,2
55	2,11
57	2,2
58	2,6
59	2,3
6	2,6
60	2,6
61	2,4
64	2,8
65	2,2
66	2,1
67	2,11
68	2,20
69	2,1
70	2,3
71	2,2
72	2,2
73	2,3
74	2,9
75	2,25
76	2,8
77	2,1
78	2,2
79	2,2
8	2,2
80	2,2
81	2,5
84	2,2
86	2,2
87	2,2
88	2,5
89	2,3
9	2,1
90	2,3
91	2,3
95	2,3
96	2,4
97	2,1
