10	13,64
100	13,80
102	13,9
103	13,25
104	13,31
105	13,76
106	13,4
107	13,128
108	13,43
109	13,76
11	13,60
110	13,39
111	13,24
112	13,5
113	13,6
114	13,11
115	13,64
116	13,51
117	13,41
118	13,33
119	13,50
12	13,42
120	13,69
121	13,44
122	13,12
123	13,13
124	13,16
125	13,19
126	13,18
128	13,4
129	13,17
13	13,38
130	13,3
131	13,30
132	13,7
133	13,27
134	13,49
135	13,25
136	13,28
137	13,10
138	13,22
139	13,32
14	13,55
140	13,10
141	13,50
142	13,26
143	13,42
145	13,5
149	13,30
15	13,28
150	13,22
151	13,53
152	13,24
16	13,75
17	13,31
19	13,59
20	13,72
21	13,87
22	13,152
23	13,88
24	13,39
25	13,48
26	13,67
27	13,43
29	13,11
3	13,26
30	13,26
31	13,57
32	13,70
33	13,102
35	13,93
36	13,173
37	13,10
38	13,31
39	13,56
4	13,74
40	13,69
41	13,39
42	13,104
43	13,93
44	13,53
45	13,67
46	13,79
47	13,125
48	13,68
49	13,54
5	13,38
50	13,108
51	13,13
52	13,61
53	13,101
54	13,96
55	13,89
56	13,15
57	13,50
58	13,89
59	13,82
6	13,79
60	13,112
61	13,110
63	13,22
64	13,66
65	13,35
66	13,33
67	13,226
68	13,139
69	13,58
7	13,33
70	13,55
71	13,23
72	13,127
73	13,108
74	13,234
75	13,141
76	13,96
77	13,22
78	13,49
79	13,7
8	13,34
80	13,104
81	13,78
82	13,32
84	13,96
85	13,29
86	13,21
87	13,66
88	13,70
89	13,49
9	13,65
90	13,46
91	13,103
92	13,4
93	13,8
94	13,49
95	13,59
96	13,72
97	13,41
98	13,91
99	13,11
