10	6,1
100	6,5
102	6,8
103	6,20
104	6,12
105	6,33
106	6,2
107	6,9
108	6,6
109	6,315
11	6,2
110	6,1
111	6,5
112	6,17
113	6,11
114	6,18
115	6,77
116	6,23
117	6,9
118	6,28
119	6,24
12	6,31
120	6,52
121	6,26
122	6,16
123	6,1
124	6,13
125	6,7
128	6,11
129	6,7
13	6,20
130	6,6
131	6,9
133	6,32
134	6,16
137	6,1
138	6,8
139	6,17
14	6,3
140	6,9
141	6,3
143	6,13
145	6,5
149	6,26
15	6,1
150	6,9
151	6,13
152	6,5
16	6,99
17	6,7
19	6,24
20	6,67
21	6,38
22	6,182
23	6,23
24	6,2
25	6,81
26	6,73
27	6,19
3	6,1
30	6,21
31	6,22
32	6,8
33	6,22
35	6,3
36	6,38
37	6,14
38	6,48
39	6,77
4	6,72
40	6,79
41	6,21
42	6,18
43	6,38
44	6,21
45	6,15
46	6,69
47	6,69
48	6,4
49	6,14
5	6,21
50	6,19
51	6,21
52	6,42
53	6,70
54	6,16
55	6,25
56	6,5
57	6,71
58	6,43
59	6,15
6	6,18
60	6,36
61	6,27
63	6,6
64	6,9
65	6,1
66	6,41
67	6,15
68	6,20
69	6,50
70	6,6
71	6,23
72	6,8
73	6,6
74	6,7
75	6,8
76	6,23
77	6,10
78	6,31
79	6,9
8	6,17
80	6,6
81	6,17
82	6,21
84	6,12
85	6,27
86	6,32
87	6,28
88	6,44
89	6,28
9	6,10
90	6,18
91	6,25
93	6,9
94	6,70
95	6,31
96	6,24
97	6,15
98	6,56
99	6,9
