10	7,7
100	7,27
102	7,28
103	7,59
104	7,59
105	7,83
106	7,6
107	7,56
108	7,15
109	7,414
11	7,28
110	7,8
111	7,17
112	7,35
113	7,60
114	7,49
115	7,240
116	7,80
117	7,14
118	7,59
119	7,62
12	7,37
120	7,66
121	7,80
122	7,26
123	7,30
124	7,22
125	7,40
126	7,4
128	7,7
129	7,32
13	7,66
130	7,14
131	7,13
132	7,7
133	7,30
134	7,59
135	7,1
136	7,3
137	7,12
138	7,1
139	7,47
14	7,14
140	7,54
141	7,16
142	7,7
143	7,46
145	7,29
149	7,36
15	7,13
150	7,71
151	7,28
152	7,52
16	7,246
17	7,25
19	7,39
20	7,148
21	7,82
22	7,323
23	7,47
24	7,16
25	7,134
26	7,171
27	7,27
29	7,8
3	7,17
30	7,31
31	7,35
32	7,25
33	7,75
35	7,46
36	7,102
37	7,5
38	7,395
39	7,141
4	7,162
40	7,191
41	7,65
42	7,31
43	7,158
44	7,35
45	7,62
46	7,117
47	7,206
48	7,28
49	7,37
5	7,22
50	7,59
51	7,51
52	7,74
53	7,166
54	7,26
55	7,70
56	7,6
57	7,119
58	7,86
59	7,21
6	7,94
60	7,161
61	7,63
63	7,32
64	7,27
65	7,6
66	7,85
67	7,72
68	7,83
69	7,96
7	7,10
70	7,30
71	7,86
72	7,44
73	7,25
74	7,35
75	7,70
76	7,100
77	7,26
78	7,64
79	7,37
8	7,29
80	7,16
81	7,31
82	7,54
84	7,26
85	7,30
86	7,34
87	7,79
88	7,160
89	7,24
9	7,45
90	7,79
91	7,56
93	7,15
94	7,135
95	7,58
96	7,72
97	7,44
98	7,162
99	7,80
