10	22,33
100	22,44
102	22,3
103	22,7
104	22,11
105	22,8
106	22,1
107	22,37
108	22,16
109	22,39
11	22,11
110	22,28
111	22,1
112	22,3
113	22,4
114	22,7
115	22,37
116	22,14
117	22,4
118	22,15
119	22,4
12	22,14
120	22,25
121	22,2
122	22,20
123	22,6
124	22,2
125	22,14
126	22,3
128	22,1
129	22,3
13	22,15
130	22,2
131	22,13
132	22,7
133	22,10
134	22,17
136	22,4
137	22,3
138	22,3
139	22,10
14	22,21
140	22,6
141	22,10
142	22,6
143	22,7
145	22,1
149	22,8
15	22,3
150	22,9
151	22,14
152	22,11
16	22,39
17	22,2
19	22,25
20	22,62
21	22,51
22	22,53
23	22,35
24	22,26
25	22,24
26	22,27
27	22,9
3	22,25
30	22,29
31	22,34
32	22,36
33	22,104
35	22,15
36	22,43
37	22,3
38	22,14
39	22,14
4	22,24
40	22,17
41	22,40
42	22,43
43	22,47
44	22,19
45	22,74
46	22,44
47	22,60
48	22,9
49	22,41
5	22,29
50	22,17
51	22,5
52	22,40
53	22,73
54	22,43
55	22,75
56	22,2
57	22,30
58	22,25
59	22,26
6	22,46
60	22,43
61	22,51
63	22,3
64	22,23
65	22,30
66	22,12
67	22,83
68	22,114
69	22,28
7	22,10
70	22,19
71	22,30
72	22,33
73	22,29
74	22,104
75	22,91
76	22,62
77	22,6
78	22,18
79	22,15
8	22,23
80	22,44
81	22,51
82	22,12
84	22,13
85	22,6
86	22,10
87	22,7
88	22,42
89	22,20
9	22,36
90	22,23
91	22,59
92	22,10
93	22,2
94	22,2
95	22,33
96	22,35
97	22,10
98	22,21
99	22,11
