10	9,27
100	9,67
102	9,34
103	9,37
104	9,79
105	9,117
106	9,1
107	9,93
108	9,41
109	9,201
11	9,28
110	9,63
111	9,23
112	9,11
113	9,34
114	9,49
115	9,70
116	9,145
117	9,57
118	9,46
119	9,36
12	9,48
120	9,47
121	9,38
122	9,26
123	9,21
124	9,31
125	9,48
126	9,16
128	9,13
129	9,52
13	9,71
130	9,26
131	9,40
132	9,11
133	9,34
134	9,28
135	9,8
136	9,9
137	9,4
138	9,7
139	9,61
14	9,21
140	9,23
141	9,24
142	9,31
143	9,39
145	9,17
149	9,28
15	9,14
150	9,35
151	9,54
152	9,29
16	9,97
17	9,50
19	9,50
20	9,80
21	9,99
22	9,179
23	9,122
24	9,15
25	9,51
26	9,70
27	9,38
29	9,13
3	9,10
30	9,49
31	9,25
32	9,66
33	9,102
35	9,59
36	9,118
37	9,12
38	9,86
39	9,92
4	9,68
40	9,91
41	9,66
42	9,77
43	9,83
44	9,48
45	9,94
46	9,79
47	9,89
48	9,50
49	9,71
5	9,38
50	9,43
51	9,17
52	9,85
53	9,75
54	9,49
55	9,73
56	9,9
57	9,52
58	9,62
59	9,33
6	9,110
60	9,131
61	9,87
63	9,24
64	9,21
65	9,13
66	9,67
67	9,144
68	9,135
69	9,60
7	9,10
70	9,18
71	9,69
72	9,109
73	9,52
74	9,73
75	9,164
76	9,135
77	9,26
78	9,44
79	9,40
8	9,22
80	9,44
81	9,65
82	9,45
84	9,63
85	9,21
86	9,28
87	9,115
88	9,196
89	9,40
9	9,107
90	9,147
91	9,144
93	9,11
94	9,36
95	9,137
96	9,121
97	9,60
98	9,59
99	9,44
