1	0,1
10	0,64
100	0,70
102	0,16
103	0,24
104	0,29
105	0,77
106	0,5
107	0,124
108	0,65
109	0,67
11	0,46
110	0,65
111	0,16
112	0,11
113	0,12
114	0,18
115	0,65
116	0,62
117	0,48
118	0,35
119	0,47
12	0,47
120	0,82
121	0,30
122	0,20
123	0,15
124	0,10
125	0,25
126	0,11
128	0,10
129	0,17
13	0,95
130	0,6
131	0,25
132	0,19
133	0,24
134	0,56
135	0,49
136	0,30
137	0,9
138	0,19
139	0,28
14	0,68
140	0,8
141	0,61
142	0,40
143	0,63
145	0,8
149	0,27
15	0,14
150	0,40
151	0,50
152	0,55
16	0,105
17	0,38
19	0,52
20	0,97
21	0,117
22	0,164
23	0,109
24	0,35
25	0,44
26	0,58
27	0,36
29	0,18
3	0,44
30	0,27
31	0,53
32	0,52
33	0,104
35	0,84
36	0,154
37	0,20
38	0,46
39	0,65
4	0,80
40	0,73
41	0,65
42	0,128
43	0,78
44	0,34
45	0,69
46	0,88
47	0,102
48	0,94
49	0,64
5	0,40
50	0,91
51	0,16
52	0,82
53	0,141
54	0,126
55	0,84
56	0,13
57	0,69
58	0,85
59	0,76
6	0,95
60	0,126
61	0,118
63	0,33
64	0,94
65	0,48
66	0,33
67	0,296
68	0,149
69	0,33
7	0,39
70	0,59
71	0,31
72	0,105
73	0,97
74	0,226
75	0,180
76	0,109
77	0,11
78	0,52
79	0,25
8	0,40
80	0,103
81	0,99
82	0,39
84	0,100
85	0,33
86	0,38
87	0,64
88	0,74
89	0,51
9	0,71
90	0,74
91	0,133
92	0,12
93	0,12
94	0,54
95	0,87
96	0,71
97	0,59
98	0,93
99	0,26
