10	18,84
100	18,168
102	18,11
103	18,27
104	18,33
105	18,147
106	18,7
107	18,170
108	18,118
109	18,123
11	18,98
110	18,101
111	18,13
112	18,18
113	18,26
114	18,13
115	18,122
116	18,85
117	18,77
118	18,44
119	18,32
12	18,46
120	18,137
121	18,27
122	18,33
123	18,15
124	18,13
125	18,36
126	18,2
128	18,5
129	18,19
13	18,79
130	18,13
131	18,43
132	18,25
133	18,38
134	18,97
135	18,25
136	18,41
137	18,13
138	18,5
139	18,47
14	18,151
140	18,23
141	18,89
142	18,44
143	18,111
145	18,9
149	18,27
15	18,32
150	18,71
151	18,110
152	18,71
16	18,262
17	18,61
19	18,90
20	18,164
21	18,178
22	18,513
23	18,181
24	18,91
25	18,60
26	18,117
27	18,26
29	18,29
3	18,64
30	18,72
31	18,99
32	18,109
33	18,139
35	18,182
36	18,301
37	18,17
38	18,86
39	18,120
4	18,72
40	18,120
41	18,62
42	18,188
43	18,171
44	18,120
45	18,110
46	18,143
47	18,171
48	18,194
49	18,86
5	18,47
50	18,94
51	18,30
52	18,132
53	18,216
54	18,154
55	18,109
56	18,15
57	18,112
58	18,179
59	18,116
6	18,179
60	18,239
61	18,174
63	18,33
64	18,154
65	18,73
66	18,40
67	18,363
68	18,315
69	18,47
7	18,83
70	18,94
71	18,45
72	18,204
73	18,115
74	18,257
75	18,235
76	18,158
77	18,11
78	18,65
79	18,30
8	18,17
80	18,207
81	18,154
82	18,32
84	18,126
85	18,52
86	18,28
87	18,69
88	18,91
89	18,46
9	18,91
90	18,171
91	18,181
92	18,14
93	18,9
94	18,63
95	18,89
96	18,85
97	18,60
98	18,148
99	18,30
