10	1,7
100	1,13
102	1,1
103	1,2
105	1,4
106	1,1
107	1,6
108	1,2
109	1,6
110	1,6
112	1,1
113	1,1
115	1,7
117	1,3
118	1,3
12	1,2
120	1,10
121	1,7
122	1,4
123	1,1
124	1,1
126	1,1
128	1,1
13	1,3
131	1,2
132	1,2
133	1,4
134	1,11
135	1,1
136	1,1
137	1,1
139	1,1
14	1,6
140	1,3
142	1,2
143	1,5
149	1,2
151	1,10
16	1,6
17	1,1
19	1,10
20	1,4
21	1,6
22	1,21
23	1,11
24	1,12
25	1,7
26	1,4
27	1,3
3	1,3
30	1,5
31	1,3
32	1,7
33	1,23
35	1,3
36	1,11
38	1,4
39	1,1
4	1,11
40	1,2
41	1,4
42	1,18
43	1,7
44	1,8
45	1,2
46	1,12
47	1,12
48	1,2
49	1,17
5	1,4
50	1,2
51	1,2
52	1,7
53	1,20
54	1,14
55	1,12
57	1,8
58	1,6
59	1,6
6	1,7
60	1,11
61	1,6
63	1,4
64	1,3
67	1,17
68	1,21
69	1,2
70	1,4
71	1,1
72	1,4
73	1,5
74	1,33
75	1,40
76	1,11
77	1,4
78	1,9
79	1,4
8	1,4
80	1,4
81	1,12
82	1,1
85	1,2
86	1,2
87	1,1
88	1,11
89	1,3
9	1,4
90	1,5
91	1,10
94	1,1
95	1,9
96	1,3
97	1,5
98	1,1
99	1,2
